Epoch	AverageEpRet	StdEpRet	MaxEpRet	MinEpRet	AverageTestEpRet	StdTestEpRet	MaxTestEpRet	MinTestEpRet	EpLen	TestEpLen	TotalEnvInteracts	AverageQVals	StdQVals	MaxQVals	MinQVals	LossPi	LossQ	Time
1	-1168.223	264.42493	-866.632	-1732.2546	-290.32944	415.8015	-114.92942	-1519.3918	200.0	200.0	3999	-34.514694	27.926027	0.31357577	-115.2866	33.621464	10.930831	16.847437620162964
2	-1220.0085	277.82397	-800.1678	-1808.406	-726.0923	658.7747	-1.99762	-1418.2866	200.0	200.0	7999	-87.26724	33.2044	-5.1552415	-176.38538	84.38249	45.196213	38.67223334312439
3	-825.6664	639.2285	-1.855164	-1709.5503	-139.9907	79.66899	-0.9977829	-317.2182	200.0	200.0	11999	-106.7223	44.455704	18.193466	-213.5434	103.06638	64.66182	61.81441116333008
4	-156.14308	96.1397	-1.3130596	-357.23517	-153.5359	90.77581	-0.42240623	-360.86072	200.0	200.0	15999	-92.9641	56.988556	2.4755294	-221.73085	89.5976	56.886818	85.35958480834961
5	-175.05833	80.57604	-1.0726173	-351.12717	-131.62827	65.48019	-1.7088373	-244.37437	200.0	200.0	19999	-72.08896	67.38172	14.27313	-236.099	69.02918	46.093384	108.61515259742737
6	-136.85329	76.42046	-1.3388778	-252.41238	-186.093	84.40243	-114.23566	-334.08606	200.0	200.0	23999	-51.92417	69.77266	21.078026	-238.27974	49.27461	35.691097	131.87392926216125
7	-165.47623	72.07566	-114.19376	-342.75247	-97.80479	103.02886	-1.4206201	-358.75058	200.0	200.0	27999	-38.87652	66.168434	23.093246	-239.69211	36.688774	28.386303	154.96607875823975
8	-125.36334	75.07399	-5.9613094	-252.85182	-158.35928	99.84984	-8.301704	-330.91635	200.0	200.0	31999	-32.397034	61.908688	23.898043	-239.28156	30.424503	23.112003	178.36176538467407
9	-165.35133	74.34453	-7.406633	-337.68393	-157.47705	88.99515	-8.9019985	-354.81137	200.0	200.0	35999	-19.563116	63.985073	37.448418	-235.60718	17.229584	22.166945	204.61826848983765
10	-181.1047	93.31569	-7.40755	-343.314	-163.01411	91.51217	-9.551542	-362.7512	200.0	200.0	39999	-6.7900558	65.28516	44.722687	-232.83623	4.9507704	21.30317	229.21084666252136
11	-178.45616	85.158554	-9.6866665	-347.81207	-134.25342	99.74591	-10.476192	-312.89783	200.0	200.0	43999	-3.9520848	61.39767	41.606205	-229.16681	2.2593389	18.663597	253.63785648345947
12	-147.98865	80.67904	-3.7957	-276.17203	-134.77519	89.11053	-8.299402	-327.30173	200.0	200.0	47999	-4.4887495	57.744408	40.332733	-224.31012	3.2256389	17.598927	277.9460446834564
13	-133.75809	86.774216	-4.797146	-329.49902	-133.75505	63.789177	-3.7692811	-242.96979	200.0	200.0	51999	-4.77832	56.827484	36.620213	-222.29922	3.2460244	14.857959	301.32107162475586
14	-144.07338	75.17464	-3.9971159	-334.54276	-108.14419	80.36683	-3.1682162	-233.59393	200.0	200.0	55999	1.5091012	58.566734	48.294495	-223.2827	-3.2451613	16.690977	325.914350271225
15	-131.67746	77.21298	-3.3537428	-299.31454	-151.10056	71.626465	-3.0519965	-232.08583	200.0	200.0	59999	12.887073	61.503918	67.57231	-224.00426	-15.019297	20.855488	349.77326560020447
16	-166.1222	83.99717	-2.2614534	-338.50534	-135.99808	98.92491	-2.629071	-337.71707	200.0	200.0	63999	33.05384	65.88248	93.29123	-220.51141	-35.76504	32.3474	373.41551518440247
17	-200.24113	136.60124	-1.6599305	-634.59955	-415.37363	479.68796	-2.0526483	-1156.6824	200.0	200.0	67999	57.665546	70.00099	119.78504	-219.1565	-60.81687	50.59861	396.7945981025696
18	-198.20549	240.91757	-2.7388575	-1164.1182	-132.81451	96.27649	-3.0336134	-348.4077	200.0	200.0	71999	78.357574	68.92659	130.97702	-214.73643	-81.01596	66.73709	420.01645398139954
19	-158.28738	90.7026	-1.173823	-343.2276	-154.7309	75.22352	-2.238055	-241.81772	200.0	200.0	75999	84.94121	64.62897	140.41386	-201.95967	-87.86833	70.406006	443.05869150161743
20	-181.38783	91.64509	-0.2727194	-336.21298	-127.0573	71.3955	-9.938563	-237.7701	200.0	200.0	79999	102.22418	67.12656	148.49915	-188.71939	-104.95819	93.05555	466.23406887054443
21	-191.48457	88.54349	-7.4897056	-354.0275	-146.68065	69.0308	-5.6251264	-241.8213	200.0	200.0	83999	92.38152	57.722073	144.07214	-179.20424	-93.878235	70.44284	489.60956048965454
22	-158.14536	81.88179	-4.8616567	-335.5724	-184.49936	108.268074	-3.9210863	-348.53317	200.0	200.0	87999	79.78561	52.86476	125.0149	-173.35535	-81.58393	55.194103	513.1185975074768
23	-119.286964	88.93374	-2.918233	-352.58157	-157.84702	107.86223	-3.494637	-329.0871	200.0	200.0	91999	79.91228	56.187443	127.614494	-176.09152	-82.15236	54.757587	536.7112984657288
24	-173.69653	100.523476	-3.4582427	-350.99442	-115.65495	89.95356	-4.264099	-292.95975	200.0	200.0	95999	85.68298	58.836708	134.89276	-185.80025	-88.07012	64.50515	560.3031539916992
25	-146.93307	91.49344	-3.9110408	-317.8358	-120.280716	50.288216	-4.519753	-229.14928	200.0	200.0	99999	95.45277	61.371086	147.11148	-183.79932	-98.24359	80.17034	583.5988683700562
26	-125.92389	76.30081	-3.515838	-244.45508	-118.72982	98.51943	-2.937018	-327.46725	200.0	200.0	103999	106.97745	62.177364	152.74495	-180.58972	-109.69252	91.33755	606.5372190475464
27	-120.82719	71.64799	-4.029925	-237.41113	-129.72426	89.01671	-5.4379144	-319.3515	200.0	200.0	107999	114.92728	60.89878	160.8095	-175.44266	-117.547745	100.16467	629.829270362854
28	-154.7172	79.42647	-3.939299	-317.4515	-185.42072	62.998276	-120.42345	-281.70352	200.0	200.0	111999	120.15674	60.218887	165.20183	-168.63585	-122.99551	106.45556	653.1063363552094
29	-139.54025	84.32212	-4.399037	-348.97635	-156.28627	70.72234	-118.86763	-341.8165	200.0	200.0	115999	126.704	60.562576	170.94878	-161.33409	-129.52806	118.612175	676.1468694210052
30	-128.66179	94.16609	-3.8779209	-356.71213	-133.00719	61.275234	-4.830241	-236.73863	200.0	200.0	119999	132.04102	61.220665	178.7471	-159.51259	-134.8999	127.07222	699.389080286026
31	-104.00088	64.67522	-4.057237	-227.1267	-133.87267	30.112478	-119.84086	-223.87761	200.0	200.0	123999	139.53432	62.40032	190.33713	-156.79533	-142.63116	140.3801	723.1313574314117
32	-154.82784	79.9424	-3.0200832	-347.63116	-177.98837	105.522224	-3.8319595	-361.49106	200.0	200.0	127999	149.09837	64.268295	201.58456	-156.04733	-152.3921	145.99507	746.3068237304688
33	-135.93356	81.82805	-2.788536	-238.41562	-164.83118	51.30035	-118.65253	-230.14778	200.0	200.0	131999	157.32307	64.3098	207.48163	-153.3791	-160.49612	169.93228	769.6155767440796
34	-153.93199	69.051384	-2.9742672	-311.2455	-157.17154	53.318295	-120.90259	-246.03494	200.0	200.0	135999	164.29523	63.048264	211.21387	-150.1233	-167.53423	174.19084	793.6413547992706
35	-128.26196	88.887794	-5.576985	-339.31042	-148.0363	63.9018	-13.233207	-231.85153	200.0	200.0	139999	161.32198	57.905766	210.77753	-140.39265	-163.52345	170.55162	817.6006593704224
36	-123.47987	84.07553	-13.23278	-356.76727	-160.07275	82.83236	-14.360055	-334.15726	200.0	200.0	143999	135.74614	47.09893	194.93692	-129.60307	-136.76718	116.49626	840.8925487995148
37	-183.80748	81.07706	-14.312883	-358.42514	-182.8158	104.15819	-9.247974	-352.94022	200.0	200.0	147999	115.67911	42.03807	167.49698	-126.638954	-117.9822	88.13839	864.1013920307159
38	-162.27504	63.12137	-11.992871	-246.39508	-160.4349	82.38256	-11.47556	-317.07852	200.0	200.0	151999	125.8566	52.403584	182.1231	-146.33813	-129.04698	104.582985	887.9275512695312
39	-133.95181	82.435585	-1.0118835	-299.55157	-106.257835	96.7644	-0.41396952	-350.38232	200.0	200.0	155999	134.92976	56.30381	189.16725	-158.2644	-137.7105	122.85965	911.6028082370758
40	-130.88571	88.71594	-0.8883542	-239.62935	-119.40315	98.000206	-3.7607102	-317.17252	200.0	200.0	159999	140.08896	56.05633	192.29016	-158.84361	-142.89659	128.35497	934.8449015617371
41	-164.56482	81.10999	-3.9465363	-330.509	-118.78507	97.79932	-5.877843	-334.02466	200.0	200.0	163999	140.85057	52.98722	193.5231	-150.06721	-142.87169	130.5515	958.7205736637115
42	-162.08112	71.421684	-119.62408	-342.09686	-162.03116	72.67113	-122.26223	-351.2539	200.0	200.0	167999	119.81106	44.922142	169.36157	-140.69815	-120.96954	88.51821	982.0961258411407
43	-111.906876	66.779396	-10.41727	-250.97015	-104.75456	71.86245	-10.150411	-251.97292	200.0	200.0	171999	99.73729	40.344078	142.14359	-142.44907	-100.995735	64.74329	1005.5218708515167
44	-159.06035	50.751743	-125.28622	-254.86908	-179.13788	97.00043	-13.387551	-381.82614	200.0	200.0	175999	87.50088	41.804306	120.07438	-156.54126	-88.98093	54.515884	1029.114137172699
45	-149.52286	90.87701	-11.507268	-300.8014	-145.525	49.125404	-126.10485	-292.70117	200.0	200.0	179999	78.74542	43.17024	110.46216	-169.72478	-79.847435	45.24709	1052.9057881832123
46	-164.46599	74.7097	-9.268502	-351.48776	-129.74611	74.47834	-11.062637	-248.1713	200.0	200.0	183999	64.860146	40.89932	103.020355	-178.15833	-65.6338	32.62467	1076.3484680652618
47	-164.56288	85.04675	-12.898271	-350.94666	-165.1511	113.72691	-14.722385	-358.12424	200.0	200.0	187999	49.14372	38.569347	88.07517	-187.65883	-49.691616	21.798105	1099.8574633598328
48	-166.54031	101.12709	-10.711641	-366.00046	-168.32281	90.25643	-17.453331	-372.09402	200.0	200.0	191999	34.44868	37.365734	69.89113	-191.86476	-34.867336	14.235789	1123.7692818641663
49	-124.60636	56.076237	-17.459446	-290.2171	-180.55432	55.5049	-130.13257	-258.50436	200.0	200.0	195999	22.233887	37.014458	51.994984	-203.41605	-22.630436	9.730225	1147.0252289772034
50	-168.11646	71.79124	-18.386517	-355.59653	-147.75288	67.447525	-16.366602	-269.84485	200.0	200.0	199999	13.695696	37.486137	40.71958	-214.73387	-14.143695	7.310413	1169.8839268684387
51	-187.31902	91.429054	-19.472847	-363.05576	-105.23513	79.959335	-19.459568	-274.4264	200.0	200.0	203999	8.842151	38.501877	32.084026	-221.2946	-9.361304	6.2663107	1193.1261384487152
52	-181.14815	76.594864	-18.516792	-324.36035	-163.74176	89.946495	-10.317971	-355.04886	200.0	200.0	207999	6.792293	39.68595	31.770927	-229.6533	-7.3761873	6.9026337	1216.0546789169312
53	-174.7534	92.64689	-14.852728	-391.1352	-167.23581	77.76226	-15.030864	-270.46976	200.0	200.0	211999	5.728234	40.04068	31.240828	-232.50699	-6.29342	6.496752	1238.9601094722748
54	-153.3193	84.40707	-11.832462	-381.49536	-196.44623	104.675705	-11.562681	-343.9595	200.0	200.0	215999	5.2231584	40.20481	29.038525	-232.62807	-5.8031693	5.992502	1262.1052119731903
55	-123.309	85.689156	-10.56433	-336.77438	-123.593346	106.60786	-11.053921	-294.60403	200.0	200.0	219999	4.6426105	40.3354	29.394207	-237.29138	-5.207124	5.8819385	1285.3307960033417
56	-168.06694	71.4892	-124.44014	-342.58353	-129.59625	73.32571	-11.502794	-256.28055	200.0	200.0	223999	4.8220387	40.283173	29.299723	-236.59833	-5.4234962	6.4877186	1308.6031732559204
57	-127.49153	75.90961	-11.487578	-314.40427	-172.58069	101.70498	-12.439732	-351.05045	200.0	200.0	227999	5.188017	40.252884	29.354118	-237.35141	-5.7597	5.4092736	1332.3824925422668
58	-148.02313	83.306625	-12.859341	-254.31934	-130.11531	55.481087	-13.019838	-260.59903	200.0	200.0	231999	4.9324064	39.93237	27.936285	-236.87813	-5.4788074	5.721504	1355.61301779747
59	-148.61603	83.611244	-12.850014	-353.79086	-115.899376	34.850815	-11.550176	-131.71599	200.0	200.0	235999	4.2237005	39.976635	26.873434	-236.78331	-4.7493544	6.049883	1382.7979798316956
60	-142.18059	74.03004	-12.320447	-362.72665	-186.06197	77.44247	-14.149044	-253.12012	200.0	200.0	239999	3.8386378	39.677883	27.170084	-233.80493	-4.3793783	5.82456	1406.957204580307
61	-143.89304	99.79654	-12.660346	-341.9129	-120.02588	80.36475	-14.35068	-248.02454	200.0	200.0	243999	3.9179466	39.786476	29.289171	-237.81392	-4.459841	5.3695183	1431.649333000183
62	-154.63098	67.43707	-14.145047	-360.46225	-120.294106	59.99591	-14.427767	-231.00377	200.0	200.0	247999	3.7400713	39.543926	27.161127	-238.7136	-4.2330184	5.7030234	1456.0027356147766
63	-159.80978	85.401115	-13.978977	-312.45148	-127.22219	97.88548	-14.173907	-343.59863	200.0	200.0	251999	2.4649496	38.858295	26.517483	-238.70567	-2.8594415	5.356556	1479.772278547287
64	-159.63351	74.22128	-15.093529	-290.03745	-144.77664	60.312042	-16.110186	-244.85619	200.0	200.0	255999	-0.36812147	38.41904	23.12164	-239.7596	0.034843292	4.5982046	1504.942016839981
65	-144.94582	103.771996	-12.6993685	-368.67957	-210.11597	55.378292	-122.4632	-258.12158	200.0	200.0	259999	-2.2609363	38.200294	20.555302	-237.94469	1.8333172	4.784618	1529.6448616981506
66	-163.36179	93.55813	-8.8599205	-363.27112	-127.10553	54.234634	-6.5776153	-248.50722	200.0	200.0	263999	-0.91583407	39.303986	20.58695	-240.47195	0.31839398	4.3394823	1553.5475616455078
67	-134.66959	73.1649	-4.906041	-250.21924	-161.22168	78.06856	-5.491084	-275.92365	200.0	200.0	267999	3.1677454	40.994976	28.235964	-242.4334	-3.9383183	5.458033	1578.1673200130463
68	-158.01088	72.81249	-4.568788	-242.35597	-117.44344	80.11787	-4.4011016	-313.9606	200.0	200.0	271999	9.74513	42.20405	36.504776	-243.44774	-10.644473	7.246733	1602.2698893547058
69	-179.05966	84.21724	-6.087907	-371.3026	-168.87498	57.12902	-118.94543	-261.25507	200.0	200.0	275999	16.67739	42.839108	43.90354	-242.08849	-17.67917	8.704211	1627.4231860637665
70	-116.73192	84.05551	-6.109801	-245.47087	-171.47333	79.43396	-6.3064322	-274.2737	200.0	200.0	279999	23.446735	42.961178	49.69758	-240.3036	-24.511745	11.008945	1652.5758616924286
71	-133.47507	101.503716	-5.461841	-339.74222	-147.0726	87.39525	-5.6536665	-262.4975	200.0	200.0	283999	28.744184	42.70174	54.000515	-237.6822	-29.782515	13.0837145	1676.8955590724945
72	-129.66019	58.62676	-5.2972236	-248.3009	-155.15857	96.742805	-6.6070485	-302.63138	200.0	200.0	287999	32.59303	42.80319	57.140858	-231.41103	-33.65233	14.078956	1701.1315286159515
73	-131.50485	95.84765	-7.097719	-383.80435	-149.11797	72.2132	-7.8203845	-267.84344	200.0	200.0	291999	35.792027	42.619854	59.900005	-229.49449	-36.844814	14.912	1725.8707959651947
74	-158.62772	81.538055	-6.0198307	-343.7583	-182.77048	58.764965	-120.04724	-255.73102	200.0	200.0	295999	38.164795	42.07044	61.82215	-224.8644	-39.208923	17.233704	1750.0039446353912
75	-145.16788	66.34534	-7.85087	-236.81277	-132.0091	62.84688	-7.284186	-286.27582	200.0	200.0	299999	39.477497	41.740723	62.02396	-222.6131	-40.507767	17.07321	1774.323456287384
76	-182.76764	107.13825	-7.060919	-368.63065	-147.38449	70.68079	-6.6622868	-246.90927	200.0	200.0	303999	39.855545	41.37521	62.546494	-221.00801	-40.85566	17.731483	1798.7763168811798
77	-136.70132	88.100525	-8.21294	-250.59767	-157.26067	88.15248	-7.6933794	-243.96162	200.0	200.0	307999	39.76083	41.173786	61.972603	-217.91531	-40.737286	17.378256	1827.0657064914703
78	-178.65646	70.97839	-9.83427	-294.8558	-141.47089	65.347824	-8.79026	-266.0669	200.0	200.0	311999	39.11884	40.782707	61.711777	-220.13069	-40.051945	17.050026	1851.8325221538544
79	-132.06688	87.0505	-8.008123	-254.5132	-126.474686	52.479866	-7.4720974	-241.77711	200.0	200.0	315999	37.841637	40.710415	59.393406	-221.29504	-38.719795	15.724934	1876.0019755363464
80	-159.05917	77.59629	-7.872843	-326.63892	-88.829834	72.104546	-7.64848	-228.42201	200.0	200.0	319999	36.620438	40.35467	58.678623	-221.104	-37.491356	15.562893	1900.0714392662048
81	-138.47766	98.30191	-6.355628	-352.57916	-143.28047	92.84189	-6.720592	-313.4184	200.0	200.0	323999	35.033337	40.32263	57.1886	-220.98149	-35.89492	14.395871	1925.3911139965057
82	-120.56783	46.120808	-7.1124744	-248.55801	-161.3289	51.834793	-121.81145	-245.72504	200.0	200.0	327999	34.77786	40.28199	57.523994	-219.8337	-35.674477	14.885113	1949.9548654556274
83	-143.40617	94.813255	-5.965919	-339.02948	-147.55046	46.256813	-119.83809	-246.82321	200.0	200.0	331999	34.45825	40.28208	56.168823	-220.7996	-35.35229	14.2989025	1973.7468633651733
84	-145.17215	87.214935	-9.076364	-383.26367	-202.25484	86.457596	-123.066	-374.57034	200.0	200.0	335999	34.830395	40.722206	57.337364	-220.0164	-35.7616	14.553271	2000.116028547287
85	-138.69565	63.63523	-9.021328	-259.5739	-167.98955	115.26394	-9.0006275	-398.55762	200.0	200.0	339999	34.710865	40.169697	56.74591	-223.66328	-35.56177	14.679682	2025.797120809555
86	-149.11714	57.818096	-9.191688	-247.05183	-158.21646	106.15818	-7.0728545	-366.37656	200.0	200.0	343999	33.591103	40.08173	55.917988	-220.40683	-34.404507	13.72641	2050.1725347042084
87	-127.01019	83.28905	-8.579116	-250.18355	-176.14474	63.983562	-121.52121	-279.20743	200.0	200.0	347999	32.829037	39.684155	56.062294	-222.39526	-33.644993	12.977514	2074.3921921253204
88	-132.27411	67.48463	-8.2351055	-251.54013	-147.46382	98.03938	-7.3926997	-343.8717	200.0	200.0	351999	31.514208	39.23155	57.71709	-221.79935	-32.262146	12.638996	2099.644938468933
89	-176.57777	92.937325	-6.342061	-372.84613	-181.17276	72.31872	-122.03266	-340.00275	200.0	200.0	355999	30.015127	38.896614	52.447556	-222.2385	-30.808453	12.189641	2125.431613445282
90	-132.98476	87.74687	-8.766125	-265.9527	-170.91237	69.75686	-123.7376	-330.86523	200.0	200.0	359999	29.676453	39.01385	52.73473	-222.17888	-30.462433	11.203033	2149.7176077365875
91	-163.56116	63.568127	-9.402895	-255.74374	-149.55522	69.32707	-10.35974	-246.86919	200.0	200.0	363999	28.784168	38.82358	52.57366	-224.83861	-29.518147	11.486345	2174.237114906311
92	-161.39078	76.1352	-120.89719	-369.73203	-138.95212	81.3597	-8.307638	-253.88492	200.0	200.0	367999	27.300768	38.555798	50.4436	-223.36807	-28.02661	11.413641	2198.089903831482
93	-142.87622	96.818436	-8.500523	-354.2886	-135.80362	70.81876	-10.052912	-319.76566	200.0	200.0	371999	26.344572	38.395992	53.61652	-225.43672	-27.069773	10.732126	2222.6294088363647
94	-185.90225	81.58562	-8.844089	-357.3466	-136.74818	61.927467	-6.952476	-238.64575	200.0	200.0	375999	25.54546	38.24752	48.07131	-225.4895	-26.254257	10.340371	2246.4122154712677
95	-155.98123	71.28431	-7.971235	-358.14493	-162.54205	53.10818	-122.47488	-250.55243	200.0	200.0	379999	24.987165	38.6062	49.037544	-225.60976	-25.744738	9.91817	2270.735796689987
96	-152.67677	78.34636	-8.083238	-249.77898	-135.45795	59.99409	-7.976519	-233.93498	200.0	200.0	383999	24.973555	38.37023	48.552326	-226.2899	-25.68272	9.652484	2294.734456539154
97	-164.1433	66.34447	-121.37075	-317.80536	-141.02707	100.20108	-8.729542	-372.14655	200.0	200.0	387999	24.279503	38.47313	46.92611	-227.81187	-24.983656	9.459387	2325.7031950950623
98	-136.61148	100.03782	-7.6871567	-343.06168	-164.02745	106.23576	-9.104061	-364.09058	200.0	200.0	391999	23.727505	38.21844	47.236794	-225.21036	-24.417528	9.960914	2359.090338230133
99	-183.1866	92.44465	-9.163136	-388.16434	-125.939125	87.0388	-9.938821	-239.39925	200.0	200.0	395999	23.0336	37.942154	52.235252	-227.64027	-23.70395	9.18351	2385.800698518753
100	-141.20944	83.5708	-8.856438	-262.7172	-140.11723	68.50413	-8.398723	-272.06192	200.0	200.0	399999	22.254168	37.956604	48.48526	-227.68211	-22.921309	8.946321	2412.4821243286133
101	-166.32492	73.33286	-9.611496	-330.95483	-168.28284	109.51152	-10.01542	-337.64096	200.0	200.0	403999	21.737505	38.177223	43.923523	-228.06926	-22.426638	8.313559	2445.538367509842
102	-139.1078	88.95525	-7.9916406	-253.45747	-128.86966	75.975044	-8.502342	-264.41553	200.0	200.0	407999	22.032175	38.05258	44.8844	-228.51222	-22.719446	8.707221	2476.6935398578644
103	-147.96692	82.346504	-10.6827965	-317.89426	-161.55093	89.98472	-10.418916	-364.5159	200.0	200.0	411999	22.055578	38.01979	45.328003	-227.64325	-22.772188	8.785779	2502.7056770324707
104	-164.03682	108.971245	-8.043314	-349.3087	-148.97557	67.37791	-9.908534	-245.71248	200.0	200.0	415999	22.43864	38.124897	46.9031	-229.11337	-23.127209	8.933868	2528.0132982730865
105	-173.9556	103.788284	-9.548017	-366.4148	-114.13594	90.90768	-9.466412	-334.03918	200.0	200.0	419999	22.48939	38.0665	46.093014	-229.85008	-23.171907	8.488596	2553.4453439712524
106	-137.8609	97.38338	-8.943173	-261.00528	-171.22467	86.57462	-9.398036	-336.24094	200.0	200.0	423999	21.973448	38.030144	44.85813	-229.10541	-22.622425	9.030425	2578.093229532242
107	-126.578026	62.556602	-9.002191	-250.89275	-133.96828	94.86643	-7.603368	-246.80899	200.0	200.0	427999	21.952667	37.812557	46.21118	-229.90729	-22.60898	8.635109	2604.309591293335
108	-180.82971	78.58838	-7.486004	-375.64407	-168.637	55.807632	-127.95509	-262.30377	200.0	200.0	431999	21.194452	37.947613	43.38088	-229.5817	-21.854553	8.4477825	2629.7106170654297
109	-127.82312	75.192055	-7.6508436	-255.43518	-111.31779	78.01681	-7.668662	-233.2935	200.0	200.0	435999	21.037207	37.85921	42.65161	-231.65047	-21.671297	7.9691105	2654.760153055191
110	-148.17815	81.17019	-7.707247	-299.67	-155.306	72.70455	-11.8496	-258.78976	200.0	200.0	439999	20.69063	37.70397	40.555786	-229.84802	-21.347506	7.581925	2679.9479093551636
111	-163.79358	100.519	-8.576037	-379.8379	-101.36232	68.94824	-8.317891	-237.42172	200.0	200.0	443999	20.30228	37.692757	40.145134	-229.65285	-20.899776	7.691527	2705.9761679172516
112	-173.25414	103.65631	-8.51298	-369.8279	-106.783424	72.44511	-9.836322	-251.09967	200.0	200.0	447999	19.10319	38.004017	39.721943	-233.25601	-19.701677	7.0818324	2734.518230199814
113	-124.37766	80.64785	-7.4141817	-241.81842	-122.41759	88.98749	-6.965974	-244.71559	200.0	200.0	451999	18.155375	37.740295	38.013447	-232.69786	-18.740051	7.5769944	2758.496973991394
114	-180.03328	73.1118	-123.41289	-354.837	-171.03287	51.600143	-124.34174	-238.75749	200.0	200.0	455999	18.53298	37.687218	38.871056	-231.66466	-19.16428	8.070222	2781.882640838623
115	-127.296936	83.84637	-7.1366735	-264.26086	-172.92032	92.93089	-7.6784377	-360.11124	200.0	200.0	459999	17.980282	37.908398	37.502457	-233.98723	-18.556433	6.544514	2805.053815126419
116	-109.71085	83.949776	-8.356853	-253.14233	-118.5649	35.879536	-11.400551	-135.98828	200.0	200.0	463999	17.520193	37.62934	37.50354	-234.34073	-18.107265	6.865963	2828.291103363037
117	-147.21179	77.35981	-5.6383834	-249.64326	-154.9739	70.727295	-5.53001	-238.21027	200.0	200.0	467999	17.226307	37.734962	35.70343	-235.53076	-17.821976	7.1140275	2851.478875398636
118	-125.65127	92.338	-5.9609704	-364.75476	-150.21645	41.898464	-124.471466	-237.4079	200.0	200.0	471999	18.66199	37.937607	38.766365	-232.22853	-19.378881	7.235342	2876.7008199691772
119	-157.20418	102.89447	-9.490615	-378.6683	-139.99557	32.53352	-122.34076	-237.19324	200.0	200.0	475999	19.982285	38.21527	39.15717	-233.08044	-20.63186	8.047173	2899.98859500885
120	-154.3087	70.05392	-11.969527	-341.33795	-119.49463	81.105774	-11.036761	-245.75143	200.0	200.0	479999	19.93845	38.07959	38.773476	-232.01746	-20.566471	7.839544	2931.17822265625
121	-145.18352	75.63309	-8.323368	-255.40208	-193.32883	136.6737	-9.37848	-375.12244	200.0	200.0	483999	19.700766	37.938347	39.67405	-231.41833	-20.282331	7.289757	2960.683688879013
122	-151.52702	69.51081	-7.990074	-254.51915	-150.67592	86.12226	-10.505049	-258.7561	200.0	200.0	487999	18.979776	37.581554	38.244663	-232.01527	-19.572683	7.6440196	2984.9381771087646
123	-146.8237	54.376156	-8.736006	-248.91571	-126.303246	74.41472	-7.997915	-251.15158	200.0	200.0	491999	18.277182	37.40717	37.988426	-230.97475	-18.837194	7.207797	3011.9436259269714
124	-158.61803	80.91392	-6.639399	-346.38733	-101.67329	68.00823	-7.709458	-232.96523	200.0	200.0	495999	17.537472	37.189228	36.00517	-231.82605	-18.1307	6.675734	3038.0682260990143
125	-188.76917	102.7346	-8.301274	-371.14127	-163.7984	92.82206	-9.270102	-364.79843	200.0	200.0	499999	17.14577	37.42754	36.72842	-232.31494	-17.668362	6.9127197	3070.9713373184204
126	-132.05367	77.35507	-8.832786	-250.15378	-175.06769	76.885	-124.3466	-352.0166	200.0	200.0	503999	15.746101	37.380917	34.64642	-232.38898	-16.264166	6.412754	3094.95929145813
127	-145.89424	83.99797	-10.735429	-355.51434	-169.63225	81.446175	-10.016835	-290.1311	200.0	200.0	507999	14.8788	37.289806	35.887146	-233.67558	-15.364609	6.4415	3122.061315536499
128	-160.5013	70.10979	-121.80156	-346.573	-114.327576	36.074116	-6.5165806	-132.09065	200.0	200.0	511999	13.498355	36.948654	31.916838	-233.87271	-13.98838	5.580034	3149.0068261623383
129	-128.5865	67.212585	-6.483024	-262.2217	-150.90378	87.040436	-9.489913	-254.1444	200.0	200.0	515999	13.636267	37.09011	32.558254	-233.19476	-14.197149	5.6389413	3177.127804040909
130	-158.0383	73.14134	-8.226652	-266.4126	-187.33035	78.43298	-123.35284	-331.3561	200.0	200.0	519999	13.720988	37.23335	32.301254	-235.74217	-14.226436	5.41946	3204.00065946579
131	-138.97389	86.212364	-6.4934397	-345.3055	-191.49881	90.69016	-5.983611	-344.25928	200.0	200.0	523999	13.256039	36.91357	31.515703	-235.98602	-13.791185	5.583957	3230.03578042984
132	-158.66818	51.447334	-120.26383	-248.17937	-162.66415	74.57139	-8.953342	-256.0876	200.0	200.0	527999	14.561277	37.13922	33.54883	-231.09892	-15.174132	6.080916	3266.275488138199
133	-144.50862	64.651405	-9.829473	-349.9761	-148.20032	74.91894	-9.027257	-304.67184	200.0	200.0	531999	15.032653	36.880272	33.38065	-233.23784	-15.561977	6.1063356	3293.808381319046
134	-157.23952	62.639713	-8.513999	-257.38354	-185.54771	74.71971	-124.84299	-349.06973	200.0	200.0	535999	14.008738	36.689423	32.39161	-233.22118	-14.481342	5.5501795	3321.9459562301636
135	-153.8297	89.19458	-9.746486	-359.6787	-181.47078	104.265526	-8.52035	-350.9697	200.0	200.0	539999	12.875382	36.67641	32.056713	-234.41313	-13.344095	5.4578886	3350.005023241043
136	-149.27455	86.10553	-8.120955	-266.45334	-139.10918	60.60621	-12.133978	-239.43254	200.0	200.0	543999	11.827937	36.48847	29.914768	-235.22617	-12.289672	5.331562	3376.9190340042114
137	-201.95874	94.52622	-9.975486	-375.1046	-148.6191	42.70955	-123.7639	-235.53365	200.0	200.0	547999	10.868555	36.49194	30.155748	-236.45686	-11.292431	4.9423485	3407.9324045181274
138	-125.712036	49.96102	-7.632315	-232.68622	-180.14706	99.76896	-9.711619	-351.26337	200.0	200.0	551999	10.28112	36.19388	32.069084	-235.61429	-10.776996	4.8992996	3437.5807633399963
139	-165.41931	74.172615	-9.644655	-360.82452	-150.94937	75.42194	-6.0675683	-257.96957	200.0	200.0	555999	10.16626	36.484375	29.26905	-235.5977	-10.60317	4.754955	3467.947316646576
140	-166.86186	56.621292	-119.0917	-268.01575	-131.66641	92.2839	-3.8574557	-233.57785	200.0	200.0	559999	9.98375	36.30644	34.237766	-237.78113	-10.526969	4.9084387	3495.9116411209106
141	-167.89229	64.371155	-119.38267	-342.84854	-136.01826	83.71209	-4.93736	-248.15846	200.0	200.0	563999	13.424877	36.93078	39.78713	-236.49135	-14.216791	5.773076	3522.961058616638
142	-151.3182	79.07381	-7.46414	-269.5623	-165.84428	49.9889	-129.34256	-248.18301	200.0	200.0	567999	17.130596	37.110004	38.589607	-234.88503	-17.75586	6.6525226	3547.636295080185
143	-168.16663	74.067024	-10.31397	-353.04276	-138.92197	61.698277	-8.419439	-239.86398	200.0	200.0	571999	18.23851	36.667263	39.95456	-235.03606	-18.824879	6.9339986	3572.0557899475098
144	-149.88307	58.741848	-8.912045	-256.05362	-134.44666	93.42593	-9.873771	-242.57204	200.0	200.0	575999	16.8641	36.471657	34.954674	-231.07492	-17.37128	6.099836	3595.331018924713
145	-153.06712	82.31737	-8.82509	-285.20377	-127.74148	74.1829	-8.6703825	-257.5265	200.0	200.0	579999	15.423618	36.164753	39.02346	-232.88344	-15.8915615	6.297199	3618.8343422412872
146	-157.03996	90.7372	-7.4861627	-360.86124	-149.96011	45.632034	-123.02645	-244.99689	200.0	200.0	583999	13.565691	35.52767	33.585396	-231.78737	-14.006512	5.272645	3644.8597815036774
147	-182.18523	79.31087	-5.9906864	-360.16055	-151.37375	104.63905	-5.7924123	-354.81113	200.0	200.0	587999	13.080841	35.61981	33.630424	-232.86455	-13.653394	5.2021832	3668.7434520721436
148	-138.49467	87.55437	-8.398654	-354.18427	-116.91206	34.905933	-12.478831	-131.63002	200.0	200.0	591999	13.810351	36.043358	34.642487	-234.74606	-14.3319025	5.121282	3692.135162830353
149	-184.1213	99.53949	-10.939532	-367.6713	-177.19516	64.60661	-120.6394	-271.13965	200.0	200.0	595999	12.841139	35.550095	33.63462	-235.53104	-13.278684	5.4121866	3715.490891456604
150	-143.03848	74.67137	-9.488005	-350.3384	-167.97472	111.641815	-7.711426	-339.8871	200.0	200.0	599999	11.271482	35.37783	31.56864	-232.72887	-11.707326	4.749061	3738.9470088481903
