Epoch	AverageEpRet	StdEpRet	MaxEpRet	MinEpRet	AverageTestEpRet	StdTestEpRet	MaxTestEpRet	MinTestEpRet	EpLen	TestEpLen	TotalEnvInteracts	AverageQVals	StdQVals	MaxQVals	MinQVals	LossPi	LossQ	Time
1	-225.0992	118.79287	31.893744	-427.5384	-1095.6086	261.96753	-778.27686	-1573.0865	101.625	88.4	4999	-1.1902885	16.471033	42.060226	-204.54962	-1.3236675	56.4751	11.10420036315918
2	-213.44214	119.88513	13.152178	-414.70502	-63.654858	16.79321	-37.370472	-86.31945	132.02632	1000.0	9999	-0.9389124	50.237873	172.17595	-338.1195	-1.1074594	67.79764	64.67260479927063
3	-212.89153	126.481125	-29.007875	-370.89502	-170.63184	102.40355	17.885134	-291.038	612.1429	650.7	14999	28.752182	56.86795	237.13087	-305.46655	-32.496628	48.584354	104.08598756790161
4	-132.53091	97.00144	-17.45442	-351.64548	-221.62039	104.17327	-70.13139	-374.8758	684.375	365.4	19999	58.749557	58.501102	277.4852	-198.50597	-61.751644	43.381214	129.6624813079834
5	-212.79706	57.67918	-81.09158	-314.60278	-213.00009	42.267	-114.80219	-284.17813	328.625	337.8	24999	75.39986	68.87935	289.6297	-188.26675	-78.03135	42.691208	150.67038822174072
6	-99.87801	72.00389	-29.379694	-196.50362	-81.30917	48.791115	-36.041496	-200.12383	829.1667	945.1	29999	81.299644	73.45005	290.24774	-191.54068	-83.655	39.206	195.7713224887848
7	-75.03343	43.3385	-31.345556	-159.26945	-30.609966	18.75079	-1.7182331	-62.035065	811.6667	1000.0	34999	87.50509	71.30075	303.55597	-208.10875	-89.561424	35.32784	243.15543484687805
8	-80.32518	34.73228	-32.14373	-138.30678	-57.867268	31.918684	-17.387556	-131.54724	1000.0	997.2	39999	94.46404	65.184425	327.72574	-204.90047	-96.68386	30.17211	285.92187309265137
9	-67.96305	14.0499	-49.641426	-88.88143	-84.41615	22.268324	-46.546547	-116.696236	1000.0	1000.0	44999	102.38705	59.26338	342.13474	-226.6666	-104.5554	26.115509	338.32504987716675
10	-113.41305	50.211296	-50.083725	-190.89482	-139.39857	48.844784	-66.28642	-220.91968	796.3333	497.5	49999	107.44265	55.462776	343.5363	-226.64539	-109.48737	27.684946	368.2863459587097
11	-135.58186	51.284912	-43.50468	-212.67683	-147.08401	29.30675	-102.1028	-202.8234	859.0	418.6	54999	108.45003	52.841686	340.3253	-211.38948	-110.313385	28.30321	396.28042125701904
12	-121.51454	87.34795	-7.7304506	-254.02353	-169.93747	109.389114	-40.89397	-396.78986	621.5714	510.7	59999	107.17777	50.25481	310.5807	-235.77153	-109.02525	29.109076	424.3070833683014
13	-74.837105	93.94	37.909634	-241.9662	-14.121231	27.060053	34.983532	-57.036205	914.8333	1000.0	64999	110.9232	49.789513	270.59702	-257.72696	-112.91304	25.72699	471.7089138031006
14	-24.235596	27.469496	10.953243	-73.46647	-33.92277	45.792877	31.607143	-108.11386	1000.0	953.4	69999	111.80105	49.04216	264.86066	-270.9344	-113.560486	21.7567	517.0603396892548
15	-52.346638	15.773036	-26.689	-73.26209	-6.1203933	32.76405	25.162474	-87.65226	1000.0	1000.0	74999	108.01611	49.067417	264.50146	-258.38797	-109.57301	18.655844	563.045948266983
16	-51.87246	47.917484	-8.218403	-137.50755	-15.48248	42.135807	55.78458	-76.95932	1000.0	788.7	79999	102.67713	46.844627	267.6212	-230.9708	-104.2024	17.795212	608.0115616321564
17	-43.68634	63.16226	14.234013	-167.4756	-68.89561	62.932632	51.75743	-187.5858	850.1667	392.9	84999	99.13566	45.95982	253.94696	-240.80426	-100.648445	16.834997	637.8055534362793
18	-73.8914	49.15809	-23.227238	-182.24364	-116.723694	84.40045	-57.8832	-331.384	653.7143	788.0	89999	96.25887	47.84877	254.65036	-240.82487	-97.76032	17.552612	677.8874044418335
19	-81.18653	67.19101	-33.329025	-236.13982	-83.77909	19.144232	-44.296413	-116.364975	777.0	1000.0	94999	93.34652	49.91165	261.1724	-262.2718	-94.726166	16.943035	722.1875030994415
20	-45.63622	30.270853	-18.647942	-102.01999	-28.420094	16.537802	1.4647274	-53.230312	1000.0	1000.0	99999	90.11721	49.069984	266.38843	-239.09018	-91.54167	16.153463	770.7559268474579
21	-40.651775	23.226923	3.9938865	-63.636963	-46.52671	19.718624	-9.24786	-80.0879	1000.0	1000.0	104999	93.35556	46.302444	285.5797	-250.48508	-95.00059	15.176557	816.6901693344116
22	-36.492393	17.88456	-11.585279	-65.90787	-66.371284	37.582405	-14.610659	-162.85405	923.4	982.8	109999	96.968834	41.96329	293.30417	-220.9505	-98.44127	16.704403	857.8884644508362
23	-90.13411	58.2568	-37.04459	-190.02779	-122.97926	53.33251	-40.241867	-210.12006	798.0	578.4	114999	95.06726	37.087177	298.74796	-239.534	-96.369934	16.68498	887.585039138794
24	-136.75185	75.90539	-40.666374	-268.08282	-161.27377	46.293755	-84.93969	-235.45425	723.7143	736.8	119999	93.6397	36.15229	304.84378	-234.28804	-95.026115	14.904997	921.0129528045654
25	-114.17976	50.20361	-40.679317	-159.64073	-89.51809	22.243885	-44.471107	-116.06038	1000.0	1000.0	124999	92.52119	37.90661	305.09116	-249.57872	-93.802376	13.438332	961.2448434829712
26	-81.59221	29.206003	-41.275208	-125.927574	-92.39498	23.612753	-62.772038	-132.91156	1000.0	1000.0	129999	89.15081	38.499836	318.33264	-241.9797	-90.3504	14.164314	998.1756870746613
27	-108.091736	30.048382	-74.795395	-164.20892	-126.26186	21.250326	-75.25937	-148.49019	924.8	1000.0	134999	85.65411	37.948444	321.70663	-261.93066	-86.82871	12.819057	1035.523110151291
28	-123.47964	21.27547	-101.56825	-157.13342	-89.66286	35.438206	-40.10479	-170.00822	1000.0	914.7	139999	83.519936	36.598263	321.28146	-253.54985	-84.71396	13.715032	1077.7560634613037
29	-130.38011	68.42621	-35.539383	-229.51776	-132.95418	70.808014	3.35156	-211.00388	872.0	635.3	144999	80.978386	34.114403	296.61032	-239.0779	-82.03583	13.318443	1108.4675724506378
30	-179.79022	80.81598	32.706776	-224.64145	-157.93861	79.258644	-7.3333154	-244.02165	642.375	733.8	149999	76.34671	32.005203	296.4479	-239.42392	-77.30757	12.9009285	1140.2297112941742
31	-123.38988	56.23981	-59.83791	-219.22446	-104.94371	95.3259	8.234687	-307.60983	874.8	857.0	154999	71.626465	31.34198	287.19376	-252.00082	-72.57289	13.126417	1177.1771171092987
32	-61.254673	35.833324	-15.973196	-126.29644	-18.504608	60.55925	142.35503	-92.1174	727.1429	958.6	159999	67.73447	31.358583	265.59976	-242.86005	-68.63085	12.390495	1215.191339969635
33	-63.68999	58.240643	-7.632278	-175.26901	-38.282288	23.491053	14.506868	-73.15379	972.8	1000.0	164999	63.589664	30.254744	251.6271	-253.8224	-64.437965	11.411551	1257.0405566692352
34	-20.688803	56.967304	87.56377	-71.346146	-54.817993	38.82094	-17.056845	-166.1247	975.4	940.9	169999	60.182796	29.358559	240.79309	-247.50568	-61.0204	11.064749	1298.0227918624878
35	-50.335785	15.243627	-29.558084	-73.06902	-39.566906	68.5313	40.36407	-202.99666	1000.0	931.5	174999	57.425175	29.243711	228.34044	-242.8787	-58.292076	10.959795	1340.122210264206
36	-28.114826	38.260567	11.775813	-106.96258	19.187637	114.16961	202.35107	-193.99043	669.5	731.8	179999	57.63898	29.234118	224.25757	-240.53978	-58.614407	10.225087	1376.936282634735
37	-8.3026905	60.7825	105.99089	-65.94792	-42.93118	73.98559	113.6139	-189.02426	977.2	909.4	184999	58.94946	29.750801	225.38307	-278.7239	-59.924088	12.283211	1418.2853016853333
38	-31.769247	90.536415	138.47581	-156.34502	-34.33538	18.579052	-3.9249985	-70.91224	940.1667	912.1	189999	58.822197	29.885374	211.67285	-242.24893	-59.700783	10.689206	1459.6675381660461
39	1.4213886	81.365845	180.27003	-61.79354	-36.587257	18.25544	-5.920036	-74.22784	764.8333	1000.0	194999	57.347942	29.629084	201.58475	-260.40594	-58.194096	10.966305	1504.105994462967
40	-43.349514	24.01852	-8.402664	-74.268845	-49.695274	121.46946	108.81463	-388.23065	1000.0	971.3	199999	55.35579	29.02183	197.45622	-295.6749	-56.166336	10.838022	1551.985984325409
41	-30.962658	23.222979	-3.616048	-66.915245	-21.397043	25.899956	19.70593	-63.413254	1000.0	1000.0	204999	53.59468	28.429197	192.91954	-262.5196	-54.418175	10.265004	1597.0553061962128
42	3.6558354	83.74086	184.07356	-68.82044	34.991802	105.33566	243.76639	-56.983166	901.1667	794.3	209999	52.84024	28.62826	193.17506	-259.90512	-53.6595	11.385329	1636.7181990146637
43	21.418097	91.70516	220.35858	-58.637856	-5.340572	91.25429	227.42926	-116.796745	755.6667	792.6	214999	51.946007	28.806873	193.06657	-241.32405	-52.747837	10.414178	1673.6993691921234
44	24.546534	108.38103	235.78123	-85.98769	96.700134	118.91288	220.52234	-111.612816	809.0	725.1	219999	51.041744	29.690527	192.89612	-244.33603	-51.821564	10.290847	1704.874457359314
45	-32.564816	98.4085	154.2423	-125.2907	206.90218	30.018917	254.23988	166.67287	851.3333	516.0	224999	50.338596	29.314379	188.8335	-239.45116	-51.100048	10.354316	1733.5382134914398
46	107.1238	121.12651	220.56346	-139.92676	137.11617	58.09281	217.1645	-9.926167	428.0	633.8	229999	49.15455	28.679289	185.74258	-231.99852	-49.89653	9.52986	1761.315495967865
47	56.760517	135.19342	221.40184	-118.13425	63.83313	96.282394	177.85576	-103.66365	641.125	909.0	234999	47.840614	28.021595	185.58957	-242.70705	-48.515675	9.204161	1798.9631929397583
48	64.207405	64.82013	131.5412	-22.516369	-18.73194	35.694996	66.790794	-66.9968	916.6667	1000.0	239999	45.746708	27.943226	193.36778	-243.39879	-46.42478	8.452271	1841.7792961597443
49	44.23694	95.05946	222.30725	-57.251404	152.9312	51.439945	223.50383	81.36069	782.6667	809.0	244999	44.734173	27.716421	194.5028	-246.56764	-45.409912	8.304592	1874.9086019992828
50	163.09583	76.44841	244.87912	23.466883	101.06172	123.609535	268.14972	-84.40994	763.2857	938.5	249999	44.692535	27.539436	198.87605	-236.08153	-45.393906	8.964159	1913.139880657196
51	75.54596	103.91208	206.27747	-51.71845	135.98904	106.13021	226.88257	-47.8638	619.7143	569.3	254999	44.554623	27.327822	189.77896	-231.20425	-45.230762	8.008275	1940.93377161026
52	148.99696	83.971344	227.99744	-10.938936	99.3874	151.1198	255.3301	-207.57697	575.6	783.2	259999	44.647736	26.795954	206.34366	-208.83582	-45.34977	8.389112	1972.9626574516296
53	122.37406	93.894135	213.02998	-71.92797	135.0721	98.20037	246.59276	-13.624696	563.125	465.1	264999	46.335934	26.555288	210.23196	-223.67163	-47.132755	8.287256	2000.3562862873077
54	141.89545	87.64755	250.72253	-52.142212	94.35668	92.75801	201.80084	-48.470886	579.55554	838.4	269999	48.743435	26.151525	204.92209	-233.45502	-49.51597	8.7680645	2034.9552640914917
55	121.20638	103.04862	235.32237	-47.248585	189.57822	78.94063	275.1115	-27.275368	808.0	565.2	274999	49.293243	25.111166	210.21873	-242.8375	-49.97092	9.262914	2064.2806646823883
56	17.835138	153.471	144.0101	-261.82776	178.83273	37.2782	223.20512	113.95192	920.8	658.2	279999	47.94	24.681263	211.64641	-234.22734	-48.577187	8.551345	2093.0415024757385
57	73.72786	97.97819	208.73325	-36.807507	135.59422	87.6726	224.05186	-39.56178	575.1	522.8	284999	47.236565	24.772459	214.78531	-244.88698	-47.889267	8.876199	2119.501524925232
58	126.87989	128.78117	234.66321	-243.12129	127.742355	110.20351	297.5795	-25.030058	450.0	605.7	289999	46.999233	25.001663	220.73538	-238.31387	-47.665737	9.191392	2148.864890575409
59	77.308525	103.14445	230.65456	-124.43767	130.63841	64.66962	219.73553	20.766117	543.25	597.5	294999	47.05924	24.451633	226.33287	-238.08107	-47.708622	9.028781	2178.5739557743073
60	163.54005	90.262115	285.18567	10.096475	187.90836	61.266384	268.9955	21.046062	445.46155	396.3	299999	46.832695	24.703249	229.48637	-240.88695	-47.47377	9.226425	2202.183022737503
61	112.18344	93.71394	227.09918	-38.59763	156.38266	57.528885	231.9623	66.41733	506.1111	707.6	304999	46.412655	25.016218	230.97443	-239.3857	-47.053112	9.101764	2232.278173685074
62	107.05182	20.886621	132.86292	69.553246	199.65205	59.874046	260.37863	73.59527	962.8	643.3	309999	46.385807	25.005228	236.76213	-244.16135	-47.014454	9.546493	2263.958509683609
63	103.41256	72.61308	182.05763	16.314398	5.3449006	71.72654	192.45323	-79.344955	856.5	997.7	314999	45.909782	24.95088	235.36784	-247.81749	-46.536232	9.1917515	2306.4724695682526
64	44.899242	80.57388	223.17581	-12.265823	172.77203	58.88125	240.16273	25.209635	916.3333	607.5	319999	45.193607	25.024588	235.8847	-254.41167	-45.7899	9.435422	2340.4550523757935
65	68.21114	93.37955	188.8004	-80.55659	125.81185	78.9659	251.00212	-7.837592	711.3333	837.6	324999	44.524612	25.181578	231.39217	-250.41096	-45.1276	9.722945	2377.1137549877167
66	130.17073	60.43645	225.41655	29.470905	173.4479	63.582397	244.00139	52.421288	855.8333	583.5	329999	44.934883	25.166761	237.32799	-249.98471	-45.571896	10.17265	2408.2268013954163
67	180.34933	61.743526	275.4277	72.92197	132.7561	65.48059	211.44766	2.6225457	635.375	647.0	334999	45.67167	25.505219	239.30496	-277.1097	-46.33343	9.79255	2438.4392104148865
68	203.09592	27.731424	241.66074	155.97903	137.56068	91.20894	285.30484	-69.70194	543.8	552.2	339999	46.784473	26.127312	250.04782	-268.9356	-47.48039	10.236505	2464.5358488559723
69	204.03462	76.51167	277.85248	-2.3862972	177.36661	49.971302	260.19153	121.1324	389.58334	564.5	344999	49.102985	26.180742	250.48868	-296.94934	-49.84825	9.513095	2489.911165714264
70	143.2608	82.65196	242.90704	15.876662	80.10987	119.9847	259.44977	-119.85487	588.25	760.5	349999	50.6588	25.918484	250.42337	-271.08804	-51.36036	9.569377	2521.2707607746124
71	94.14184	133.97736	248.94006	-59.476254	40.72216	128.93768	254.01294	-106.37091	746.1429	630.2	354999	50.73889	25.811167	243.55338	-265.0254	-51.369545	10.485	2552.132399559021
72	38.314983	113.29519	203.16904	-95.8941	-57.779716	62.31802	15.225315	-199.89487	883.6667	889.6	359999	49.391357	25.14728	235.37778	-308.44498	-49.960796	9.035692	2592.831317424774
73	38.532825	107.26435	213.57416	-127.15779	46.284275	123.2996	282.41626	-71.19587	791.5	867.6	364999	47.069134	24.258871	235.343	-283.5564	-47.581615	8.521219	2627.144223213196
74	89.94785	139.87094	271.3841	-137.09871	169.57336	92.44192	259.06345	-75.068596	536.4	635.6	369999	45.211407	23.95136	243.26205	-294.69318	-45.73762	8.7724905	2653.8061673641205
75	152.40327	125.48587	274.19138	-139.70114	167.87128	59.777344	248.74701	64.736855	613.0	523.9	374999	44.90701	24.57293	250.10646	-367.3753	-45.49243	9.48124	2679.648157596588
76	69.059784	100.79307	227.00887	-77.65297	144.73152	92.39791	302.05484	-42.96989	519.2222	667.5	379999	45.210632	25.365808	256.24432	-332.12054	-45.805275	9.446247	2709.1921405792236
77	126.97652	97.05991	258.60315	-62.546986	152.13718	115.66083	279.5282	-107.56158	614.25	417.2	384999	44.84952	25.939032	256.75055	-321.31427	-45.37915	8.575775	2733.484673500061
78	212.56322	67.874245	284.02356	16.784037	158.47922	60.299847	239.65323	42.41453	371.23077	634.8	389999	43.84507	26.133692	255.66638	-296.7323	-44.371006	9.11963	2758.594382047653
79	166.83987	56.4987	271.34238	84.61976	77.60054	81.86341	282.02866	-1.7828722	773.0	307.3	394999	43.14463	26.551481	262.64197	-296.72397	-43.706482	8.875719	2779.4521627426147
80	105.926735	98.43862	273.28867	-38.546364	122.36061	87.14369	255.70331	18.83269	308.82352	396.0	399999	44.504383	27.040466	256.66446	-293.74136	-45.12937	9.8180895	2800.7934420108795
81	95.943214	98.385445	290.0504	12.967547	116.82997	94.71325	262.66736	21.500978	254.15	278.9	404999	46.77559	27.932163	255.79088	-283.03622	-47.462875	9.926567	2819.6175734996796
82	102.24925	87.65148	279.05005	16.146091	126.446335	103.77185	291.95218	33.770092	246.2	249.6	409999	49.273914	29.379963	250.59323	-284.35776	-49.954742	10.663494	2838.2267434597015
83	105.75278	115.81047	294.80765	-163.3253	135.84514	101.91925	300.13846	27.887133	335.0	386.6	414999	49.848835	30.024235	257.3752	-303.83273	-50.450592	10.998299	2859.332685470581
84	137.29791	108.9921	290.67914	8.633399	203.10014	87.68105	301.92368	20.007946	280.72223	320.3	419999	48.498383	30.140995	262.63266	-303.8651	-49.021553	10.55564	2878.90682053566
85	198.38277	76.88684	288.84045	48.869175	162.9401	83.074196	279.92834	5.198106	426.63635	397.8	424999	45.785553	29.538908	259.5803	-314.7525	-46.242104	11.393682	2900.1312601566315
86	165.87544	106.85684	294.28445	-24.271576	155.61362	90.121254	249.11089	-15.659749	274.10526	431.6	429999	43.578796	29.027632	261.3968	-280.2497	-44.05919	11.06033	2921.289489507675
87	176.45674	118.40563	297.06717	-54.892048	170.27997	77.66992	284.94247	25.79719	637.0	580.1	434999	43.00687	28.848497	258.35913	-298.7166	-43.512245	11.707956	2945.348725795746
88	147.95064	111.99538	299.43823	-82.48978	125.363144	81.20001	280.15924	36.126553	331.73334	484.3	439999	42.930023	29.139828	262.9838	-294.7355	-43.474316	12.418713	2967.1401221752167
89	188.49632	111.32162	302.81622	2.9092028	215.38916	56.17946	285.14032	130.75145	301.9375	674.0	444999	43.584732	29.15414	264.3357	-285.30988	-44.130795	12.048602	2990.515725135803
90	159.28839	91.78399	285.5639	42.474808	155.7625	82.83076	270.22424	25.341177	549.3333	719.9	449999	43.80069	29.049068	256.62354	-280.96457	-44.31445	11.9836645	3017.476327419281
91	208.83208	60.81028	290.19754	126.61246	169.95206	43.953968	248.25403	114.47868	742.4286	799.9	454999	43.33089	29.044975	255.1987	-292.75583	-43.813335	12.004388	3044.9361913204193
92	209.00911	71.10056	285.56177	76.14461	228.23666	52.01769	301.9706	119.466805	621.25	465.2	459999	42.123093	28.548103	238.93231	-253.85228	-42.578014	11.50322	3067.99507522583
93	163.97379	93.34734	251.87163	15.404658	185.9539	47.709965	264.94327	132.2903	526.0	858.8	464999	41.566982	28.662983	242.6637	-296.3177	-42.059925	12.197505	3095.9389612674713
94	170.4377	95.16824	288.1453	13.420313	138.87607	108.09356	286.015	9.614402	487.16666	480.4	469999	41.926857	28.575142	243.82109	-355.6936	-42.46336	12.122834	3118.6138849258423
95	61.478043	72.89163	280.49716	11.942535	93.71352	91.12738	250.56483	6.71979	252.61111	334.2	474999	42.53608	28.205214	236.11464	-297.02798	-43.0527	11.90491	3138.307180404663
96	108.42967	92.82857	233.91037	-27.235577	83.28232	70.778046	228.48636	13.296452	673.0	431.8	479999	43.69209	28.066252	237.67122	-285.86398	-44.233376	12.554501	3162.064259290695
97	48.387615	100.82765	288.6595	-147.99146	61.91784	65.65339	209.43053	-14.480003	398.83334	354.6	484999	44.518497	28.201565	237.3977	-268.42725	-45.04217	12.253239	3184.8062562942505
98	122.09418	91.84735	263.10693	14.7584095	151.35103	61.367172	244.0915	21.193235	485.6	802.4	489999	44.665466	28.19323	236.6675	-305.34286	-45.164	12.820339	3212.5995531082153
99	179.58089	51.55006	242.45975	115.26163	148.28867	68.65875	257.6316	20.644278	784.0	712.5	494999	43.675396	28.177402	233.08784	-341.42056	-44.120956	12.036735	3240.8606038093567
100	165.49734	58.86442	278.70712	122.14534	65.578766	58.964138	216.67532	-11.5821905	827.5	838.1	499999	42.43327	28.027641	226.12889	-345.89764	-42.90376	11.83368	3274.873678445816
101	213.62042	42.75116	264.03128	128.22452	114.66649	28.41785	176.68124	69.915276	696.25	952.5	504999	41.951347	27.750563	223.30928	-313.9001	-42.409393	11.595437	3308.2378709316254
102	162.3787	69.16777	235.28882	74.59463	146.42563	80.90303	266.78674	-12.268179	732.1429	857.5	509999	41.34148	27.466599	220.7043	-331.9677	-41.80284	11.50266	3340.6653418540955
103	157.35927	55.32689	237.59158	82.8162	84.90672	47.0308	162.4618	-6.019396	766.3333	903.8	514999	41.205685	26.972519	220.79791	-395.78308	-41.659866	12.006812	3375.2117125988007
104	135.36664	71.2388	238.223	38.703365	193.43683	66.2294	270.85382	72.300865	766.3333	771.4	519999	41.059563	26.240976	218.33243	-332.33527	-41.512375	12.415274	3409.455370903015
105	126.89228	99.52821	248.71147	-66.16517	162.73795	54.988983	259.1356	89.71974	627.44446	837.5	524999	40.931675	26.13086	220.30513	-315.29187	-41.379925	12.228581	3440.036376953125
106	196.56277	50.797928	259.90414	120.36421	124.22164	70.346085	271.24554	-18.961473	713.4286	874.1	529999	40.79409	26.073483	223.0475	-293.65167	-41.24946	12.325008	3470.2644896507263
107	235.49478	51.526573	309.41644	123.53171	167.45923	70.94053	246.50227	16.724401	515.4	677.8	534999	41.219707	26.15764	230.87915	-267.90594	-41.67912	11.410189	3498.0082886219025
108	177.20491	50.901913	232.70197	105.423584	174.07903	74.39168	244.98518	9.316948	901.4	665.8	539999	41.42254	26.462118	231.52884	-298.18362	-41.877357	12.767932	3528.720051050186
109	154.4991	93.85664	274.49704	-7.525923	190.6772	73.793	279.49356	69.937225	712.7143	781.0	544999	41.581585	26.789381	236.84087	-334.9872	-42.047832	12.054225	3560.048910140991
110	191.22298	59.24434	263.60394	108.193794	158.33481	79.7605	274.18808	5.916744	916.8333	709.7	549999	41.85882	26.879242	235.94342	-324.31332	-42.322754	11.892663	3590.7936432361603
111	199.28609	73.43116	267.89233	60.346382	125.53157	72.692444	261.05093	16.472801	680.0	747.9	554999	42.075397	26.951118	238.51149	-320.5852	-42.522297	12.172281	3624.106326818466
112	114.808876	94.24071	230.8862	-63.69787	91.99361	99.92764	267.07242	-63.37192	623.125	844.5	559999	41.7108	26.964924	241.24237	-329.92618	-42.143524	12.419434	3660.220014333725
113	159.23003	96.738075	266.87598	-26.143852	128.45459	98.848495	287.90506	-48.562683	566.0	883.9	564999	41.171265	26.981386	239.74069	-327.34723	-41.58906	12.090603	3695.583418607712
114	162.39561	96.43751	250.18797	4.871624	173.42638	73.13429	288.59842	71.90055	753.0	722.9	569999	41.077763	27.146797	235.66426	-284.28342	-41.521145	11.492841	3726.7274663448334
115	117.55782	79.63234	265.80188	-12.721624	127.65111	67.6434	220.1056	0.8919147	640.44446	662.4	574999	41.01205	27.314268	246.73752	-253.11333	-41.444363	11.196085	3754.705929040909
116	219.43301	83.08856	297.09534	19.798964	183.85088	80.90871	293.8362	21.256527	467.8	652.2	579999	41.07931	27.627329	246.62247	-218.37013	-41.517113	11.147444	3781.2325789928436
117	201.98903	43.499447	244.8662	103.00039	213.42981	59.48937	297.86923	115.96562	486.44446	601.5	584999	40.76571	27.418203	247.34319	-267.71466	-41.192276	12.253872	3806.69238781929
118	203.06863	61.29477	297.27725	102.60964	201.87006	58.741844	285.7869	76.075165	562.2	744.4	589999	40.674408	27.044243	246.63026	-250.98227	-41.1007	11.6038065	3834.8058001995087
119	219.64172	52.55485	274.4039	122.46631	126.78485	94.30973	249.0439	-5.6790695	431.66666	375.7	594999	40.868565	26.63701	243.8581	-215.529	-41.30596	11.519728	3856.9437050819397
120	205.99684	42.28995	243.96136	135.97621	187.22693	61.594555	264.2516	105.142166	723.6667	655.1	599999	41.457695	26.908062	240.17947	-290.43213	-41.907444	12.187708	3886.222507715225
121	141.0641	82.7699	250.65941	-26.148195	130.38753	48.554092	250.32097	42.12609	790.5714	858.8	604999	42.210297	27.313578	246.8688	-341.0646	-42.66736	11.786312	3916.23414683342
122	168.84789	58.991253	266.39996	115.98871	160.69629	46.033047	257.7983	103.914604	807.8333	845.0	609999	42.564877	27.339817	250.06453	-279.85715	-43.016632	12.166788	3945.4450488090515
123	222.40526	81.765526	311.29828	30.822716	119.94945	86.93955	247.38542	-23.526724	480.36365	641.2	614999	42.71937	27.889153	250.02785	-253.25198	-43.186916	11.707315	3970.154408931732
124	137.04585	110.13629	285.14612	-16.555887	159.501	66.314865	253.97005	12.292016	541.0	630.4	619999	43.6443	28.405949	245.44891	-243.57986	-44.132305	11.276301	3995.180585861206
125	181.96567	47.975204	246.3128	133.13583	127.19167	89.32096	274.3446	-42.847645	870.6	847.6	624999	44.16017	28.615368	237.39569	-254.63347	-44.629288	12.350366	4023.266762971878
126	179.8719	96.277	257.6248	-27.907248	202.56656	37.04153	273.3037	145.43054	782.5714	620.6	629999	44.032085	28.835588	229.18318	-232.34177	-44.481133	12.208958	4048.08402466774
127	154.44029	98.20248	269.44543	-28.229769	160.30739	99.61011	256.63492	-57.279655	703.2857	699.9	634999	44.078094	29.066721	224.41765	-225.09683	-44.533176	11.310541	4075.5277848243713
128	193.24092	104.14678	280.3931	-66.65268	132.0011	92.838135	208.08638	-62.385735	594.0	892.1	639999	43.888973	29.310719	224.44774	-239.02055	-44.323624	11.563036	4106.122749090195
129	224.34737	63.834915	301.09686	71.70086	201.6053	29.23156	249.77287	173.49173	521.8889	807.2	644999	42.89473	29.475351	221.48323	-262.86554	-43.298008	11.6146145	4135.169460058212
130	250.20682	37.53084	282.6345	150.52977	239.51372	52.63022	313.52734	120.44033	607.7778	389.7	649999	42.223923	29.707296	219.39531	-252.90997	-42.629784	11.254202	4157.825649499893
131	147.06519	90.385704	235.18367	10.770937	95.60536	104.56247	281.04645	-73.382126	446.72726	792.5	654999	41.44859	29.504652	215.3668	-258.76874	-41.829224	11.277508	4187.33690237999
132	177.03403	112.80624	261.08307	-86.3416	191.5963	79.28177	269.58264	-27.738129	582.875	629.7	659999	40.580395	29.47149	215.98387	-230.68428	-40.964275	11.770376	4213.613475322723
133	142.28949	102.560074	255.28357	-14.432735	72.7213	159.42453	290.51746	-109.959984	577.44446	544.2	664999	40.149357	29.414408	215.62595	-192.83286	-40.53947	11.895238	4241.190721035004
134	101.43162	134.3956	268.71692	-82.085205	99.64329	133.97284	295.77893	-38.444557	733.8333	785.9	669999	40.218845	29.218672	217.15685	-207.29654	-40.637745	10.823907	4276.43740272522
135	163.19101	116.222664	287.14935	-51.56091	192.49118	75.5451	276.08917	-14.834343	547.4	559.6	674999	40.85744	29.709053	223.541	-201.75534	-41.302395	10.918433	4301.480234384537
136	123.0819	130.4888	284.1919	-62.270443	130.21884	109.03522	279.72507	-17.32988	691.1429	255.5	679999	41.739563	30.285736	220.0086	-227.20715	-42.19585	11.472299	4323.872005224228
137	184.37108	105.10401	281.19095	-23.44416	175.11496	86.60066	283.50168	-37.088783	445.9091	567.4	684999	42.818024	30.758242	229.23302	-220.54608	-43.280315	11.855376	4349.2482759952545
138	177.55908	84.9057	260.16916	-0.81296957	38.427795	84.53858	221.48248	-44.25998	623.875	764.7	689999	43.044353	31.023457	229.16554	-236.3552	-43.484474	11.554814	4383.51181936264
139	166.74239	99.86956	281.9822	1.1277833	161.26846	56.0121	261.30038	101.52464	559.7	871.3	694999	42.881897	31.224424	234.89786	-303.74884	-43.30735	11.721572	4416.543770074844
140	136.17287	130.27496	294.41428	-59.988537	95.35467	136.32803	287.60535	-87.495544	476.0	659.1	699999	42.565456	31.302036	239.60742	-421.4769	-42.97984	12.505669	4446.368684053421
141	77.76188	107.704025	271.65585	-57.77246	-10.049785	75.39745	210.18553	-62.340405	666.4286	940.7	704999	41.92697	30.2825	240.19878	-483.08826	-42.330414	12.064431	4487.614994049072
142	15.075564	104.43974	269.1236	-50.158504	59.700592	109.83303	232.67078	-51.338264	768.1429	613.6	709999	41.431915	29.020502	243.09766	-441.67252	-41.805786	12.198102	4524.282056570053
143	135.70525	60.271843	196.85416	21.943268	119.144	95.56063	267.72012	-42.6876	923.2	755.8	714999	40.36494	28.476833	243.56131	-463.2061	-40.73423	11.876647	4557.173640012741
144	60.78952	137.08461	280.8359	-57.841557	-18.933819	59.051018	128.3662	-92.75257	871.1667	892.5	719999	39.840084	28.144558	238.18608	-713.76624	-40.228607	12.9955845	4597.7262399196625
145	76.587715	86.6153	206.83684	-40.14871	180.58942	47.08779	276.2772	116.87836	766.1667	712.8	724999	40.08274	27.761475	231.6492	-666.08777	-40.515106	13.878289	4628.604470014572
146	114.77527	90.11038	262.4823	9.219325	182.53746	84.46189	258.93222	13.168722	645.125	394.8	729999	41.369293	27.239706	228.30428	-466.5761	-41.833214	12.39876	4653.947825670242
147	169.35207	48.31603	244.88391	92.1608	158.4774	41.31535	233.81276	102.83133	772.2857	809.9	734999	42.83758	26.827555	225.7426	-478.2165	-43.30037	13.2220955	4684.811347723007
148	208.02396	50.42729	255.18925	108.03228	140.49673	79.11985	292.3851	-18.97673	589.375	666.4	739999	44.161415	26.57867	215.09685	-498.29407	-44.63998	10.982205	4711.288470745087
149	195.98337	68.23478	271.7735	27.991508	127.28928	96.910065	271.01697	-32.235752	470.2	507.8	744999	45.692326	26.857557	225.4428	-473.95535	-46.196316	11.080017	4735.795296192169
150	200.52959	63.254955	271.7068	111.90683	187.26749	86.22444	274.6632	2.3676362	622.1111	452.7	749999	47.655247	27.72072	224.6954	-527.5147	-48.221363	11.926801	4760.205707788467
151	158.97972	79.59923	270.5303	1.897994	219.6844	50.74843	284.09488	132.57344	602.75	536.8	754999	49.917496	28.911982	227.61745	-570.6402	-50.492767	12.524477	4783.563695192337
152	174.14755	54.13207	260.66956	120.06809	198.04242	52.211548	277.12253	133.86674	759.0	709.7	759999	51.99156	29.586678	221.91269	-598.3804	-52.59133	11.975282	4809.606680393219
153	194.10889	73.958466	266.29312	8.258838	181.17014	85.01817	269.06097	3.6624553	424.7	499.6	764999	53.532856	30.39406	219.43562	-546.7017	-54.119064	12.530704	4832.432259321213
154	187.10605	43.165062	252.19272	138.9226	191.62756	62.33126	281.03995	105.88532	698.875	683.2	769999	54.857986	31.058113	216.07448	-563.8117	-55.47975	11.96324	4857.908307790756
155	166.15137	64.96596	273.802	83.60973	157.68259	64.82862	245.15556	28.362297	791.3333	674.6	774999	56.161583	31.351925	215.763	-572.3103	-56.776524	10.711772	4884.835240602493
156	188.0735	69.266685	278.53485	49.394783	137.10245	97.0957	264.0061	-18.94845	522.1111	554.9	779999	56.68978	31.645716	222.08162	-636.0848	-57.255867	11.339604	4908.810821771622
157	161.86859	71.54339	264.02765	36.806133	211.8885	56.8058	280.60492	136.91492	608.375	495.6	784999	55.937477	31.566784	223.5655	-569.26086	-56.481464	11.337734	4931.686188220978
158	181.0271	86.95773	269.43085	-2.2954178	170.09332	60.87077	266.89728	95.79872	565.8889	679.7	789999	55.47613	31.400393	231.94666	-480.52884	-56.018295	10.76634	4958.379683732986
159	175.43852	68.93837	257.4664	29.813168	163.24411	80.36542	264.10187	-1.8166901	565.9	592.6	794999	54.677773	31.34507	226.56822	-573.38165	-55.209774	12.68514	4982.289128065109
160	171.04604	82.83792	254.8502	-11.817441	186.82785	72.90093	268.42114	20.583532	503.8889	526.5	799999	54.89552	32.053215	241.95148	-563.0707	-55.507812	11.794934	5006.733840703964
161	181.98508	82.90168	273.25555	-8.376256	219.8313	47.470108	262.15802	125.19106	479.8	360.2	804999	55.907265	32.806694	242.87253	-566.89404	-56.504276	11.8663435	5028.139665365219
162	182.34549	69.33206	256.07715	16.096043	140.1663	71.64465	254.33026	14.621936	580.4	693.3	809999	56.29539	33.10396	240.56499	-519.7832	-56.890526	11.669927	5053.613917350769
163	94.41257	107.46241	238.10449	-16.809017	187.0456	87.57602	265.43655	-39.628994	501.44446	436.7	814999	55.80902	33.555458	245.97205	-487.15195	-56.33033	12.590071	5076.963106632233
164	190.45671	50.590656	246.60197	107.38185	163.86902	60.493877	258.4005	44.259888	548.6	697.0	819999	54.02007	33.378044	242.78877	-411.88153	-54.496864	11.252556	5102.9346697330475
165	175.52686	90.62415	264.37958	-33.62684	172.32924	47.33368	240.78964	108.94238	604.75	894.3	824999	52.16334	32.889793	240.68105	-569.97675	-52.619526	11.306327	5133.012737751007
166	176.03287	107.20421	281.36414	-40.21128	137.14816	90.00895	229.48967	-25.68036	467.6	583.3	829999	50.54154	32.18439	243.44948	-512.9198	-50.976692	11.528007	5157.807077884674
167	193.76112	99.60222	273.5158	-57.00136	51.594044	152.19223	252.9312	-191.46619	562.7778	687.8	834999	49.058544	31.623358	248.74092	-521.88	-49.48477	11.638953	5186.2495946884155
168	196.78787	86.23388	265.1477	2.664166	118.211716	139.80371	257.66568	-98.2563	563.5	415.0	839999	47.803783	31.5225	247.10962	-466.2466	-48.22905	11.21685	5208.925009727478
169	175.78159	81.385796	284.2384	14.181224	192.89243	72.355064	271.9251	82.493744	561.8889	632.3	844999	46.666977	31.213055	240.41072	-503.56534	-47.076267	11.726525	5235.184970617294
170	159.0702	39.431507	226.91302	107.48957	179.38568	83.00529	254.77962	36.45938	832.2857	329.0	849999	45.481033	30.756407	229.90962	-567.8843	-45.891212	12.143733	5258.094131231308
171	165.88774	104.95541	268.02295	-21.799286	158.33215	106.0375	265.6635	-5.8812003	424.5	247.1	854999	44.203053	30.201597	224.40071	-472.36002	-44.56359	10.908119	5278.417528867722
172	216.39726	69.63532	273.3345	26.782694	151.11273	85.284195	256.56503	-7.240901	511.18182	750.4	859999	43.05374	30.74133	221.9267	-544.0894	-43.451942	11.699523	5304.961482524872
173	208.67126	79.856636	273.91074	27.350681	210.97989	47.61592	275.86777	128.08032	481.5	548.4	864999	43.05034	30.49948	226.07565	-471.77283	-43.476284	11.528443	5329.687561750412
174	182.09	76.12542	257.2054	5.0129657	215.56247	61.907673	283.6237	101.96511	551.0	511.3	869999	43.05827	30.686953	221.46515	-499.02438	-43.46762	12.494171	5353.19898724556
175	228.44345	47.904503	266.30753	131.15753	166.09921	78.12346	279.9135	30.958696	533.9	553.3	874999	43.57952	31.569315	217.24089	-520.8495	-44.02423	13.238484	5376.321774482727
176	173.12604	91.67162	278.43433	-16.3645	197.7113	71.72946	251.29123	30.542377	508.33334	424.3	879999	44.502426	32.799725	208.52156	-562.2418	-44.97709	12.7089	5398.130180120468
177	203.11662	59.86596	266.12247	108.91436	209.33708	49.684254	277.00635	124.559456	531.7778	462.6	884999	45.37594	33.82397	210.86757	-367.95758	-45.8466	11.872411	5421.3890035152435
178	73.55924	102.37086	237.49373	-33.096867	-21.30481	102.271126	278.41925	-91.172485	866.1667	926.2	889999	45.250423	34.46418	208.97324	-356.1116	-45.65333	12.00073	5462.671437501907
179	21.642572	118.74719	285.107	-59.00376	-28.761673	66.697	162.16882	-87.810524	885.8333	922.6	894999	43.891235	34.362896	221.58655	-482.81726	-44.263893	12.121999	5502.803195238113
180	102.33565	103.574615	206.6982	-61.755905	159.75615	45.138634	226.35814	66.90867	722.8571	696.9	899999	41.91648	33.599995	215.11217	-604.5526	-42.260357	13.21364	5533.58153629303
181	146.84175	34.37335	187.22073	83.12755	80.301	33.31656	131.4191	42.882412	752.8333	834.9	904999	40.094055	32.329613	216.32141	-566.31824	-40.410675	12.814489	5566.994291782379
182	110.63593	39.045727	168.67738	49.711903	114.38059	76.76412	278.3555	13.881853	894.3333	823.7	909999	38.831123	30.950607	212.93417	-453.00183	-39.166637	12.0488205	5600.726046085358
183	141.58362	74.141266	229.41858	16.05861	159.36984	90.62655	256.8148	-33.927864	522.0	601.5	914999	38.266342	30.182314	219.82031	-563.04346	-38.63008	11.550124	5626.8669192790985
184	154.616	78.58917	259.0171	5.20015	140.14558	110.33117	253.9947	-60.09834	618.75	450.1	919999	39.15504	30.254501	223.53218	-575.9093	-39.55453	11.763721	5650.5760378837585
185	127.795654	95.68755	286.9079	10.907114	106.960464	91.8039	248.47475	-85.49714	458.54544	670.0	924999	40.637127	30.905571	223.54001	-616.8935	-41.098274	11.296068	5676.769413232803
186	125.64716	80.57806	225.86708	-14.778959	181.35448	80.02238	285.52594	47.48355	526.125	505.4	929999	42.422188	31.832863	226.22841	-658.0577	-42.90291	13.22833	5700.228197813034
187	193.53636	58.765476	290.70798	108.263916	73.45997	77.003494	158.82976	-33.287693	518.9091	658.0	934999	44.3987	32.47457	233.047	-628.29156	-44.876755	12.132555	5726.188222646713
188	185.6996	70.86512	243.51093	24.51619	150.90968	99.026855	239.62819	-67.67431	379.41666	480.4	939999	44.974953	32.96026	224.49496	-644.5437	-45.40738	13.001147	5750.413990497589
189	205.96217	39.31597	258.48544	151.18907	169.41687	70.247185	269.3896	22.175928	708.4286	590.8	944999	44.185104	32.353367	223.34294	-649.69214	-44.55274	11.606957	5775.888510227203
190	154.3125	94.55015	283.34543	8.766949	168.10347	94.068054	278.61896	-7.412982	523.7778	512.3	949999	42.446503	31.256323	222.01085	-583.14294	-42.78602	13.508393	5800.3495671749115
191	198.63124	78.00956	282.68408	5.461233	174.77663	76.53446	300.31738	82.93837	437.0	776.1	954999	41.13562	30.602865	214.61523	-583.29425	-41.466133	12.031122	5829.12729549408
192	94.443565	86.283485	212.66199	-27.420929	172.00139	49.08539	256.7345	108.94328	834.0	760.3	959999	39.777126	29.72825	210.38445	-633.9289	-40.11604	12.533602	5857.738319635391
193	185.29138	43.934258	247.09676	136.4812	132.1569	97.47026	237.28842	-26.81567	752.5714	523.4	964999	39.56934	29.041016	199.43431	-561.7968	-39.964306	11.940385	5882.717779636383
194	187.66469	59.507156	258.20837	88.01028	173.30106	70.61183	236.09207	7.699474	687.4286	467.2	969999	40.374424	28.980753	208.48366	-301.187	-40.780838	11.359184	5906.02296090126
195	166.08907	40.946712	252.06506	125.488266	195.09433	55.561897	273.53793	119.905235	835.3333	616.0	974999	41.394016	28.784424	218.9575	-247.49702	-41.81263	11.365333	5930.715682983398
196	147.7457	82.36983	250.92137	-15.961754	165.1021	76.62854	273.10324	-8.449244	533.3	703.7	979999	42.10309	27.783585	222.92107	-344.52274	-42.51028	11.882494	5956.575557947159
197	160.2395	73.22773	256.99368	17.569336	179.13908	82.8155	264.96613	14.432175	647.7143	403.6	984999	42.786938	27.83309	215.12646	-346.8319	-43.22752	11.936269	5978.850710391998
198	219.78203	97.06369	286.42197	-53.82035	107.43882	79.94653	270.23047	-3.165116	560.0	734.9	989999	45.146095	29.436003	210.93428	-471.10968	-45.686634	11.056375	6006.327965021133
199	201.65443	79.84419	284.08255	0.3129705	166.03523	81.94955	270.89813	-23.882671	460.18182	790.5	994999	47.68825	31.017036	212.98056	-533.89526	-48.20137	10.750814	6033.138059616089
200	172.32106	50.73832	256.5793	116.13772	201.11275	56.190838	254.1755	113.84968	707.6667	594.9	999999	48.969505	32.817623	206.77328	-530.3451	-49.480045	12.017975	6059.066615819931
201	202.35786	59.981773	256.65036	34.6988	165.40495	96.55327	265.99234	-11.3371	404.91666	337.4	1004999	50.557484	33.75923	211.9414	-345.15988	-51.1081	11.731897	6079.739214658737
202	168.25002	93.87156	284.70496	-27.286795	203.98752	51.175533	267.35986	118.05513	517.8	632.9	1009999	50.730186	34.111935	213.07153	-304.46967	-51.127056	11.409355	6104.701767921448
203	181.91278	62.166336	260.66614	38.549946	158.47424	63.478157	235.73839	-2.7153878	469.81818	620.0	1014999	48.035263	34.125114	210.20973	-180.98961	-48.388317	11.505823	6129.257757663727
204	175.51025	67.268486	256.24332	15.86866	173.10454	84.557526	288.5117	-2.5732617	454.16666	472.6	1019999	46.880253	33.344025	203.91502	-233.094	-47.300644	12.895212	6151.818818807602
205	190.2081	46.955963	263.0509	118.24827	158.2152	84.217964	264.1912	-4.5900936	499.8	382.3	1024999	46.552395	31.728477	186.37163	-222.74425	-46.978577	10.662561	6173.791568040848
206	181.19775	46.16668	250.22078	124.62236	161.46797	54.061844	238.54532	66.60142	715.3333	614.0	1029999	46.508217	30.263437	180.62129	-215.2228	-46.896873	11.485397	6200.101348638535
207	170.8347	62.605007	268.67365	114.426704	161.14355	63.646286	240.14441	27.14943	777.1429	695.9	1034999	45.666527	28.501951	183.34262	-265.6693	-46.019093	9.903057	6227.5148832798
208	85.55097	149.17409	247.23018	-227.97572	149.37253	38.447605	236.70755	102.32477	627.375	867.4	1039999	44.905964	26.81174	182.66817	-344.1125	-45.268147	10.598853	6256.491683721542
209	148.87305	87.476395	268.42926	4.186881	98.40007	86.22891	244.33977	-10.786873	480.27274	376.1	1044999	45.26015	26.934708	189.79596	-267.70163	-45.652325	10.424019	6277.797497987747
210	114.77539	113.783165	284.78186	2.9025445	61.497375	58.947556	155.05872	-9.564723	230.26315	361.0	1049999	46.35032	27.925524	194.94807	-267.70996	-46.782337	11.027573	6299.539506673813
211	210.58702	85.23178	308.6912	14.155334	151.10515	75.575005	257.99918	3.4201655	513.36365	634.8	1054999	47.933273	29.268147	202.95569	-353.4482	-48.39825	10.954275	6324.615426778793
212	191.97908	46.95639	255.09674	131.86014	159.5603	62.763676	266.31204	39.01525	651.7143	752.6	1059999	49.782448	30.447344	209.55257	-359.42426	-50.27196	10.760044	6351.409012556076
213	188.45541	64.79544	262.92685	57.82527	227.26773	56.64843	287.67252	127.46764	667.125	528.3	1064999	51.342045	30.603487	201.52116	-546.9051	-51.810413	11.112659	6375.7513692379
214	223.02882	47.547382	289.87222	154.63704	199.86446	45.929523	259.65793	130.85608	541.0	595.6	1069999	51.125793	29.920702	204.63664	-241.42625	-51.501442	10.684421	6401.344499826431
215	197.10155	63.65052	280.21063	108.83004	169.67268	72.75418	272.05835	25.121235	734.3333	684.7	1074999	49.53737	29.004513	196.56885	-334.0849	-49.867363	10.609525	6428.588260889053
216	175.65572	48.90364	281.14923	133.67995	141.48576	77.59926	248.08302	24.700361	912.5	541.3	1079999	48.211754	28.198952	196.56564	-372.57098	-48.573826	10.755279	6452.513922214508
217	160.16737	63.57501	263.22717	30.122349	191.20074	54.894104	292.25244	121.85991	756.0	791.0	1084999	48.257175	28.649727	200.0731	-515.91516	-48.67332	11.637938	6480.007682561874
218	163.25755	72.41415	264.5966	43.485497	167.51768	31.026428	251.24658	137.26987	642.4286	921.3	1089999	49.033924	29.577711	203.9746	-319.14554	-49.473114	11.208864	6509.70236492157
219	159.10974	15.469919	171.41331	129.35147	202.28261	49.472603	263.52032	132.09917	1000.0	598.2	1094999	49.836636	30.611187	201.38596	-187.11981	-50.259087	10.792526	6535.011945962906
220	178.72668	45.151035	247.09534	137.80434	207.92715	43.928688	266.48972	131.12175	779.1429	450.9	1099999	50.329517	31.828167	203.91101	-198.84792	-50.755634	9.488512	6558.487506389618
221	206.09134	74.06988	259.97314	-24.080568	185.49736	72.09778	260.85272	8.28773	359.69232	460.3	1104999	50.6503	32.78542	206.42334	-244.89369	-51.075275	10.008993	6580.512577295303
222	174.15135	81.8691	282.0817	-1.5075953	190.16637	88.26705	242.9632	-58.104576	598.1111	389.5	1109999	50.58859	32.85434	203.09239	-187.48653	-50.982986	11.560564	6603.0879600048065
223	181.38	62.84726	264.28818	44.018253	181.67563	79.99405	257.46762	13.272045	497.5	612.5	1114999	49.94173	32.307426	205.03227	-207.65108	-50.297535	10.300367	6627.513623476028
224	195.43393	87.7718	267.45795	-20.52639	182.38115	64.835526	258.99493	27.401018	505.33334	444.3	1119999	48.783314	31.760859	198.96953	-231.9061	-49.118343	10.539385	6650.176171779633
225	169.92561	47.092354	246.18088	120.5431	173.33781	55.97402	258.45926	106.61181	785.5714	670.7	1124999	47.5149	31.09169	196.33658	-274.8608	-47.83776	10.26829	6676.649140119553
226	202.30818	41.2286	245.9496	112.734634	174.47255	73.863	252.75871	17.65037	415.33334	531.3	1129999	46.59484	30.640097	191.75618	-247.64613	-46.912014	10.767231	6700.043607234955
227	176.02968	50.891396	276.77536	128.96967	201.57765	53.514168	262.7383	114.415825	722.5714	573.0	1134999	45.42237	30.09916	188.3633	-251.72285	-45.70716	10.444126	6724.585470676422
228	192.46368	54.275627	264.63425	107.45439	164.87714	75.30081	271.70844	5.0832915	628.75	668.4	1139999	44.57945	29.965084	188.5591	-195.6221	-44.871338	10.74472	6749.743587970734
229	170.39885	77.22768	258.53888	23.011171	163.12128	94.94193	274.99176	-32.034756	448.8	522.7	1144999	43.749413	29.976404	186.18105	-243.06746	-44.034348	10.547734	6773.007361412048
230	205.10687	46.186302	258.48953	139.10077	151.35406	72.41939	259.94705	31.55113	511.22223	614.4	1149999	43.247807	30.090076	192.84763	-278.5508	-43.524525	10.418723	6798.145151615143
231	170.446	44.463108	257.57397	118.73899	219.11133	41.413864	263.24484	136.45418	769.5714	353.8	1154999	42.94285	30.592972	197.61766	-251.59256	-43.249676	9.883692	6819.169885635376
232	163.32947	101.22049	245.0311	-78.21581	190.6172	37.62115	240.7633	124.18872	602.75	612.7	1159999	43.13341	30.533442	199.87675	-277.89645	-43.425922	9.9770355	6844.181537628174
233	198.49918	51.84417	255.7358	127.024414	194.34622	52.87006	265.00375	126.59131	564.3	551.9	1164999	42.890236	30.06184	194.77405	-295.65317	-43.17603	10.477543	6868.755429029465
234	212.71904	62.10242	284.82288	127.88168	153.856	80.26875	258.07364	-33.99426	514.25	785.8	1169999	42.36728	29.416433	187.91081	-174.6777	-42.63045	10.29915	6896.282561302185
235	146.7997	101.81596	270.43005	-77.67466	186.43718	46.597797	267.37985	111.10768	705.875	665.1	1174999	42.12195	29.02461	183.33958	-201.49448	-42.39302	9.91018	6923.909846782684
236	221.87115	47.530586	284.22037	144.59587	179.38876	54.68429	271.01633	120.26188	508.77777	811.0	1179999	41.487633	28.78042	177.72198	-187.91571	-41.7446	9.40944	6952.139200210571
237	180.26505	46.38288	244.90053	132.51053	196.11522	72.86173	259.84326	32.0185	706.125	487.5	1184999	41.45907	28.676172	180.68074	-215.92355	-41.737724	9.283413	6975.866099834442
238	163.26823	75.32874	262.4362	26.21621	205.20418	55.9064	263.50116	100.01464	630.25	622.7	1189999	41.856236	28.651812	181.50555	-220.08589	-42.146904	10.076611	7002.539665222168
239	167.8873	86.240265	291.74536	11.247665	196.02078	44.518295	268.44922	126.161995	726.8333	670.9	1194999	42.488945	28.50335	183.65468	-235.0625	-42.783676	9.611812	7028.515646696091
240	173.06026	90.6582	260.9149	-41.588036	158.00372	48.047016	243.6968	102.79542	696.125	870.2	1199999	42.98323	28.833294	184.46384	-220.25508	-43.264797	9.634721	7058.72755241394
241	158.10278	98.27652	251.9684	1.9024811	183.04892	83.54479	268.47452	2.1982734	497.3	418.6	1204999	43.574104	30.180971	187.59161	-235.18088	-43.890438	10.698322	7082.153066158295
242	188.42152	64.69139	262.58682	58.006096	152.61752	93.273285	254.36731	-28.47905	512.6	508.0	1209999	44.622944	31.905024	194.17108	-237.22212	-44.962555	8.5196905	7106.481570243835
243	136.04175	93.60537	259.76767	-8.093624	168.57712	71.64911	283.12363	35.4256	351.83334	588.2	1214999	45.248306	33.017014	204.50732	-265.75162	-45.541264	10.5903845	7131.8220365047455
244	190.59166	55.982887	286.03564	108.143234	237.92871	14.913642	270.52145	223.49518	453.18182	331.7	1219999	44.247856	32.47596	204.71452	-322.12354	-44.479717	9.967877	7152.079608678818
245	150.53476	38.017345	231.51404	114.60672	195.55301	53.784992	249.49757	112.94401	804.5714	527.6	1224999	42.059036	31.371223	197.83267	-400.13672	-42.24332	10.001226	7176.58904504776
246	192.91815	56.1028	260.31262	109.27115	204.76744	43.60672	305.5712	157.1529	607.0	618.3	1229999	40.477657	31.0633	197.01285	-344.6284	-40.70382	10.766475	7201.917427778244
247	150.9996	19.788164	180.48784	124.9529	153.3278	34.560516	254.25916	135.29883	1000.0	913.3	1234999	40.436527	31.851744	194.55852	-415.41962	-40.707027	9.43259	7231.443109035492
248	156.75275	81.49803	260.60806	19.128304	205.85403	73.78425	256.8369	20.924486	590.44446	463.8	1239999	40.9037	32.977165	199.4727	-354.5735	-41.18094	10.839323	7254.5017828941345
249	210.17578	60.067707	273.98523	125.8762	189.38959	61.482113	280.6977	116.31658	610.2857	780.8	1244999	41.123753	33.25459	198.77916	-290.76843	-41.369225	10.936581	7282.0790202617645
250	181.8988	86.60531	285.38623	0.5093988	164.2905	62.10212	230.00087	15.326923	709.25	724.3	1249999	40.197987	32.94616	197.6741	-232.24048	-40.41874	10.34563	7309.322860240936
251	202.79848	56.386593	266.1452	133.98465	169.36661	73.09912	286.96533	48.339935	725.0	681.2	1254999	39.0339	32.159637	193.14664	-359.19965	-39.22766	10.344177	7335.849686861038
252	217.6838	55.283173	286.42892	142.96254	165.3789	63.780655	289.89813	55.887505	535.1	781.4	1259999	38.20652	31.689892	194.45573	-275.0238	-38.414894	10.323602	7362.476307153702
253	199.71329	33.050365	246.95082	156.49078	164.65465	77.730515	268.9259	-7.672217	661.2857	676.6	1264999	38.04601	31.499344	194.8578	-272.43652	-38.278572	10.333672	7388.169851303101
254	188.7001	67.19894	284.54623	45.013355	180.90439	70.75043	257.05872	24.06123	672.75	533.6	1269999	38.32304	31.552301	196.5772	-387.12335	-38.56793	10.311462	7411.828192472458
255	187.18703	70.06415	257.53195	19.985237	169.49318	21.117785	209.72589	144.14583	487.0909	833.3	1274999	38.6688	31.841803	198.09297	-390.67804	-38.91092	11.378801	7440.239094018936
256	187.58153	54.195156	275.1996	125.16761	179.0051	59.38555	263.77603	99.981	659.8571	783.3	1279999	38.53103	31.574219	201.81282	-282.00217	-38.75276	10.972274	7468.116226911545
257	205.5736	49.003883	270.38663	145.48396	174.17412	64.413826	261.56982	98.1918	579.44446	754.4	1284999	38.015007	31.134325	196.32869	-345.94434	-38.23007	10.071938	7495.410316467285
258	186.64763	57.14044	286.25403	106.2767	203.58073	39.744858	251.97307	119.426384	663.2857	512.4	1289999	38.01043	30.754738	196.79716	-504.72256	-38.249287	10.876651	7520.736429452896
259	102.34601	89.354904	194.41304	-50.68296	91.406265	105.18519	253.24878	-58.550335	785.0	673.9	1294999	38.525646	30.379631	197.14062	-490.80618	-38.76579	11.462387	7551.247929811478
260	102.12928	100.82226	215.16379	-87.723946	76.43793	121.31814	258.43378	-84.699455	706.125	580.0	1299999	39.074905	30.631859	196.02986	-403.2574	-39.34039	11.027714	7580.625829219818
261	129.82217	109.60252	236.15477	-76.62483	113.172775	105.66774	252.7784	-39.70315	541.44446	543.9	1304999	39.750088	30.43041	190.46999	-489.93207	-40.002605	11.552857	7609.670103549957
262	101.763	44.70342	158.87277	27.645288	166.41478	100.16932	287.35965	-57.17462	776.1667	719.4	1309999	39.707703	30.70203	186.39963	-495.77524	-39.89708	10.410058	7640.268549919128
263	118.09741	110.80962	269.42722	-32.690598	186.47554	96.47942	270.65994	-6.443118	506.1	385.6	1314999	38.27509	30.84049	187.3772	-386.4725	-38.454926	9.756955	7663.522843122482
264	135.02267	94.32181	264.4325	-23.419024	66.69751	59.064358	148.2611	-10.935145	958.8	1000.0	1319999	37.507572	30.717857	187.2181	-469.67752	-37.718624	9.932918	7703.8892369270325
265	12.875572	18.504208	33.311016	-21.518053	111.11528	52.92271	238.82784	48.616375	1000.0	972.5	1324999	37.468773	30.13821	188.67941	-500.89987	-37.675823	10.732014	7746.037491798401
266	138.23134	91.78813	269.75153	-7.1988254	156.57736	56.26344	237.10632	78.71257	894.0	801.7	1329999	36.404694	30.039183	185.48024	-625.4745	-36.565464	10.719546	7782.669087409973
267	182.25172	61.773758	255.39462	63.892204	111.40198	63.255035	191.58728	3.5745456	783.8333	934.1	1334999	35.782593	29.851656	189.33069	-643.4048	-35.962673	10.713745	7820.415214538574
268	127.81922	59.075455	239.28792	70.426155	144.47256	81.6443	249.79333	-17.291044	923.5	836.5	1339999	35.5396	29.543644	190.18657	-480.4929	-35.714367	10.07123	7854.4964594841
269	159.14429	52.42344	232.76884	96.409775	140.73187	85.527374	265.05435	-9.500462	791.5	613.4	1344999	35.946632	29.832275	188.84503	-744.6338	-36.18324	11.70995	7882.79047870636
270	187.60283	73.14043	274.10104	33.825687	184.03644	45.644714	252.01689	134.00244	568.25	796.3	1349999	35.914013	30.045912	187.66856	-760.2367	-36.089787	11.8293705	7912.4851315021515
271	188.53168	41.70838	263.1677	131.1584	165.35838	73.87094	284.7682	41.7632	694.125	699.0	1354999	35.655308	30.52777	188.88454	-680.966	-35.848915	11.100156	7940.6291263103485
272	171.5833	56.12091	261.32007	104.567955	151.88414	78.90589	258.8295	20.492296	822.1667	828.8	1359999	35.558914	30.926079	187.38435	-611.89966	-35.74866	9.749622	7971.874315500259
273	101.28187	73.03957	224.12355	-1.793129	169.24234	69.360535	251.93053	14.944975	567.55554	643.5	1364999	35.599884	31.72619	190.70851	-624.1932	-35.787548	10.528756	7999.167988061905
274	164.4368	79.62731	274.22125	14.15551	142.4355	45.325207	244.0114	89.79518	645.0	956.4	1369999	35.76345	32.47008	195.00543	-856.9623	-35.98565	12.429452	8031.246723651886
275	115.29235	235.51358	263.5487	-450.5462	153.27817	84.26281	250.30232	-17.749361	635.8571	906.6	1374999	36.43039	32.838394	195.94742	-738.5427	-36.67821	11.530015	8064.369309186935
276	153.27155	75.73871	286.22696	24.210516	187.15921	52.690353	253.76474	103.16314	866.3333	867.1	1379999	36.925724	32.778233	195.89732	-896.79	-37.153267	11.035011	8096.088228940964
277	186.43141	55.661995	282.79752	118.84355	202.48483	41.322502	274.55722	144.60081	751.2857	631.9	1384999	36.268723	31.957542	205.56598	-935.13184	-36.448273	10.925394	8122.7649092674255
278	174.88857	59.83786	297.94135	114.13401	162.7783	51.055767	265.7688	128.5333	855.6667	927.0	1389999	36.08143	31.522581	202.71133	-923.32007	-36.289825	10.348751	8153.977048158646
279	190.75696	52.199306	280.55365	124.36198	202.72913	52.68284	276.07135	137.85399	629.7143	720.5	1394999	36.198055	31.857782	201.56396	-907.4609	-36.409733	10.109718	8181.570749759674
280	123.07337	44.369923	173.68301	36.010895	134.1033	37.944	170.9146	28.4486	851.8333	909.2	1399999	36.66118	32.91691	192.4744	-1020.9522	-36.921658	14.697998	8213.016442537308
281	91.13034	74.25478	212.37482	-27.37649	163.74527	66.00299	251.33533	21.44822	877.5	560.5	1404999	38.2156	32.52506	185.1057	-824.05676	-38.509617	9.228293	8240.193001031876
282	205.08261	36.1944	273.23712	161.18285	170.41768	53.206898	257.1434	100.27245	628.625	747.0	1409999	37.71565	32.806	192.75293	-822.88684	-37.90125	9.16981	8267.486553430557
283	191.86906	50.758335	268.19153	134.99696	213.07654	59.90054	292.1949	119.130585	604.875	527.7	1414999	36.737957	33.15018	193.64763	-958.658	-36.90842	11.0060215	8291.829365491867
284	188.17638	44.448	251.09555	141.09792	180.59583	65.16725	280.70145	103.00806	765.0	830.8	1419999	35.693047	32.841885	192.75836	-859.35706	-35.870785	10.324347	8321.256993293762
285	137.31075	19.549627	163.76472	106.04551	133.86017	83.90928	275.6039	61.2527	1000.0	811.2	1424999	34.913628	32.163223	189.867	-772.46826	-35.08389	9.149667	8352.869076490402
286	132.80666	27.635113	173.71535	89.79847	151.92183	55.891125	248.69891	88.485565	1000.0	759.9	1429999	33.79257	30.7817	187.1162	-836.7217	-33.944736	8.217253	8383.197273015976
287	134.57483	72.27385	243.22952	6.698663	157.03914	59.294567	267.0705	92.947	714.4286	820.3	1434999	33.41955	30.301939	182.40038	-1156.1215	-33.589264	11.020285	8412.341606855392
288	211.51326	31.053534	259.98203	168.27232	178.8247	63.260284	280.61673	76.25824	630.875	759.7	1439999	32.88027	29.941343	188.14845	-1067.0133	-33.0333	10.560892	8439.585508108139
289	218.3139	68.04686	282.96384	130.23041	153.45377	80.209496	265.75555	28.8745	540.1111	555.2	1444999	32.436802	29.9719	186.69635	-1004.2717	-32.605724	8.461082	8462.893714666367
290	208.39604	55.72315	279.25067	133.39265	145.66899	80.08258	266.58102	-20.070787	635.5714	732.0	1449999	32.742886	30.973566	187.51466	-1197.4464	-32.939037	9.091122	8489.704533100128
291	207.22696	58.237667	272.66714	129.86562	129.10677	103.20926	280.39786	-2.4355931	597.7778	412.3	1454999	33.245155	32.025078	185.19687	-1364.9849	-33.432125	11.978978	8511.295916318893
292	146.02031	105.38649	303.45032	-10.971758	206.7427	58.73525	289.03915	80.811195	447.0909	466.9	1459999	33.85974	32.9656	198.67474	-1186.8165	-34.06243	9.042373	8534.12080192566
293	203.11928	49.22875	263.69174	128.42848	197.2086	46.86965	260.6958	134.88922	553.0	709.6	1464999	34.50274	34.017998	200.98804	-1283.4775	-34.723724	12.105397	8559.380840063095
294	183.65565	66.76338	257.70673	30.713776	157.14673	55.207912	259.54654	59.503513	499.66666	696.2	1469999	35.08117	34.99668	205.32544	-1262.5142	-35.278183	8.369305	8585.39065861702
295	150.12172	21.605003	174.54208	122.10127	153.1373	100.113945	270.98404	-27.003937	1000.0	446.8	1474999	34.611572	34.790344	211.99266	-1433.214	-34.796658	8.502535	8609.00862789154
296	201.53925	71.231445	264.2413	6.2621613	163.01022	63.317036	238.56023	29.51481	455.0	719.1	1479999	34.626373	34.942944	211.7622	-1526.3969	-34.841473	9.182692	8635.069537878036
297	176.7497	75.643394	272.952	5.20124	170.00143	86.34686	267.6196	-32.648808	555.1111	599.2	1484999	35.296764	35.468803	220.7184	-1279.0575	-35.535267	8.631065	8661.139963626862
298	214.20792	43.633305	259.48538	133.89641	142.33601	62.353184	216.52704	36.697884	430.27274	539.8	1489999	35.868183	36.151627	220.27602	-1336.7654	-36.092613	8.920974	8685.012029647827
299	199.82591	33.083252	247.44882	163.28754	151.73422	104.64009	230.69751	-76.471725	559.2222	634.8	1494999	35.739964	36.80486	211.84001	-1552.5707	-35.939995	8.728733	8710.57439994812
300	94.28146	130.76535	234.90283	-110.62972	68.32097	134.01552	243.32965	-124.997284	630.375	730.7	1499999	34.87178	36.17604	193.78989	-1716.8342	-35.050232	8.959367	8744.067600727081
