Epoch	AverageEpRet	StdEpRet	MaxEpRet	MinEpRet	AverageTestEpRet	StdTestEpRet	MaxTestEpRet	MinTestEpRet	EpLen	TestEpLen	TotalEnvInteracts	AverageQVals	StdQVals	MaxQVals	MinQVals	LossPi	LossQ	Time
1	-32.711285	0.65939933	-31.77663	-33.62294	-0.058962096	0.014608153	-0.038043607	-0.081513084	999.0	999.0	3999	0.025700828	0.031255886	0.14961188	-0.07423361	-0.059289273	1.5967802e-05	12.821644306182861
2	-33.1252	1.2921045	-31.84341	-34.86901	-0.15968235	0.043152716	-0.11613022	-0.21464458	999.0	999.0	7999	0.020913236	0.030270912	0.068912044	-0.0636585	-0.05420022	3.2952034e-06	28.160957098007202
3	-40.43259	7.806931	-31.473206	-49.830994	-0.11778039	0.002477913	-0.113925636	-0.12093156	999.0	999.0	11999	0.012147519	0.030874474	0.055501208	-0.09184469	-0.045918807	2.7305966e-06	43.06625008583069
4	-46.578667	1.148018	-45.382668	-47.80126	-0.0110780625	0.003796704	-0.005818362	-0.017086638	999.0	999.0	15999	0.0012910707	0.03396065	0.046443302	-0.09520103	-0.038307037	2.2196273e-06	57.438379764556885
5	-47.789516	0.91882765	-46.593525	-48.751755	-0.019194093	0.009281549	-0.007412984	-0.032622978	999.0	999.0	19999	-0.007116835	0.03562188	0.038372852	-0.091067776	-0.032234054	1.4070389e-06	72.22747993469238
6	-46.546314	1.3052683	-45.21136	-48.70617	-0.017612288	0.0019866193	-0.01633285	-0.023313247	999.0	999.0	23999	-0.013098574	0.036618613	0.03365063	-0.099039525	-0.02767936	1.0776009e-06	86.59945392608643
7	-46.70387	1.039386	-45.17019	-48.072254	-0.016750127	0.0067450064	-0.009544584	-0.025753459	999.0	999.0	27999	-0.018216634	0.037238255	0.031666018	-0.09991258	-0.023472145	7.5728144e-07	101.28803038597107
8	-47.70074	1.0782682	-46.366493	-49.151	-0.006826134	0.0003376448	-0.0065363287	-0.007699114	999.0	999.0	31999	-0.022574337	0.03749271	0.025972316	-0.098923646	-0.019754307	5.7711327e-07	115.74684238433838
9	-48.25796	0.95734376	-47.520977	-49.901028	-0.0075667426	0.0039478843	-0.0024435949	-0.013688144	999.0	999.0	35999	-0.026296295	0.037805684	0.027975805	-0.100616544	-0.016795568	4.2608397e-07	130.13271951675415
10	-46.411736	0.94693035	-44.85546	-47.416367	-0.036990456	0.0017277882	-0.03535817	-0.041293655	999.0	999.0	39999	-0.029255362	0.038054567	0.025433252	-0.09856637	-0.0142947845	3.216975e-07	144.75501894950867
11	-48.228172	1.2108228	-47.057312	-49.965523	-0.010589605	0.00611705	-0.0026457568	-0.020698203	999.0	999.0	43999	-0.032032926	0.038232215	0.02027643	-0.100180626	-0.011820029	2.3015647e-07	159.27696776390076
12	-47.47274	0.88214976	-46.186012	-48.554184	-0.00954805	0.006630893	-0.00048445922	-0.019182561	999.0	999.0	47999	-0.034256455	0.03835495	0.015250582	-0.09862093	-0.010062494	1.8728532e-07	173.69924473762512
13	-47.540768	0.92670023	-46.608128	-48.47462	-0.007804586	0.005312116	-0.00027552928	-0.016433597	999.0	999.0	51999	-0.035782833	0.038473934	0.0144598	-0.0964173	-0.008814292	1.4576362e-07	188.2715196609497
14	-46.77568	1.5865219	-45.270107	-49.10881	-0.030871138	0.00824088	-0.02046838	-0.04412945	999.0	999.0	55999	-0.037149664	0.03856773	0.015428073	-0.09903426	-0.007675632	1.384088e-07	202.71027302742004
15	-47.094246	0.7478943	-46.159	-48.250633	-0.013473755	0.010507156	-0.003933961	-0.0335735	999.0	999.0	59999	-0.038463853	0.038626667	0.014917677	-0.10076903	-0.0063868957	1.1601677e-07	217.09921860694885
16	-47.22942	0.44419134	-46.643776	-47.83482	-0.095209405	0.0020658837	-0.09104989	-0.09705897	999.0	999.0	63999	-0.039822355	0.038715705	0.010116937	-0.101090804	-0.0052206726	1.0053698e-07	231.66075825691223
17	-48.36043	0.8684343	-47.294514	-49.566914	-0.03301025	0.012523332	-0.013526391	-0.04661527	999.0	999.0	67999	-0.041270636	0.03878975	0.011347361	-0.09985023	-0.003977028	8.519326e-08	246.31015944480896
18	-46.616776	0.74845976	-45.33724	-47.23961	-0.015595518	0.0037231422	-0.010228274	-0.022804597	999.0	999.0	71999	-0.042360157	0.038832866	0.009573141	-0.100719444	-0.0029275345	8.3062346e-08	261.0705142021179
19	-46.685013	1.7878017	-44.4622	-48.96903	-0.023910416	0.00047196978	-0.023215802	-0.024655448	999.0	999.0	75999	-0.04319659	0.038857054	0.009398623	-0.10193055	-0.0021630744	8.5987686e-08	275.5212662220001
20	-47.375088	0.8855643	-46.28176	-48.697186	-0.042133644	0.006646259	-0.023562055	-0.04714909	999.0	999.0	79999	-0.04378247	0.038937055	0.01176161	-0.103752546	-0.0016760699	8.333536e-08	290.2441279888153
21	-47.729668	1.6001813	-45.453163	-49.386658	-0.017391989	0.011283217	-0.00073389016	-0.034970023	999.0	999.0	83999	-0.044140916	0.038983416	0.007600665	-0.10401647	-0.0014389326	7.2137304e-08	304.7850396633148
22	-47.36437	0.9864269	-46.24339	-48.839474	-0.046865977	0.018627234	-0.017858708	-0.06417641	999.0	999.0	87999	-0.044322487	0.039077736	0.0067643896	-0.110035285	-0.001465265	9.8881266e-08	319.58832120895386
23	-46.67472	0.92228794	-45.667038	-48.042015	-0.088761464	0.01242383	-0.056593094	-0.10147226	999.0	999.0	91999	-0.04377057	0.039206468	0.008215514	-0.11313876	-0.0019077602	1.3250907e-07	334.09616923332214
24	-47.93358	0.59112626	-46.977257	-48.583923	-0.06932042	0.0033325634	-0.06371174	-0.07333227	999.0	999.0	95999	-0.043435797	0.039235733	0.009516831	-0.115263134	-0.0022812253	1.0657887e-07	348.59895062446594
25	-47.574825	1.4272166	-45.674118	-49.3138	-0.075437345	0.013516429	-0.062346872	-0.094872236	999.0	999.0	99999	-0.043512706	0.039226558	0.009212879	-0.11397306	-0.002372375	8.384572e-08	363.1545729637146
26	-47.23876	0.8110808	-46.30869	-48.43249	-0.073682904	0.004498905	-0.0668271	-0.07971573	999.0	999.0	103999	-0.04362157	0.039158277	0.007438347	-0.110105366	-0.0023765408	7.2023106e-08	377.6483962535858
27	-47.966652	1.3765622	-46.53388	-49.48303	-0.071582355	0.0024290527	-0.06760564	-0.076607354	999.0	999.0	107999	-0.043676987	0.03920073	0.005124612	-0.10608864	-0.0023738728	5.7951098e-08	392.135272026062
28	-47.547493	0.60529554	-46.559795	-48.044327	-0.033592995	0.0047135474	-0.026815966	-0.04075279	999.0	999.0	111999	-0.043576922	0.039198797	0.005097738	-0.10373217	-0.0025922337	5.100503e-08	406.7044153213501
29	-47.57778	0.7999285	-46.551796	-48.68937	-0.02223881	0.0024075126	-0.019683804	-0.02611568	999.0	999.0	115999	-0.043405868	0.039243765	0.0054012146	-0.10265922	-0.0028057562	4.8475314e-08	421.29308581352234
30	-47.615273	1.6246883	-45.986126	-50.317955	-0.02850056	0.00024873295	-0.028176868	-0.028889101	999.0	999.0	119999	-0.043299537	0.039204933	0.005115149	-0.101968504	-0.0028806292	4.1810605e-08	436.1973330974579
31	-47.10337	0.7212972	-46.53839	-48.314686	-0.01784376	3.7028294e-05	-0.017758489	-0.017891502	999.0	999.0	123999	-0.043321587	0.039212167	0.006329039	-0.10084384	-0.0029157877	4.143716e-08	450.7709801197052
32	-46.60518	1.0623282	-45.417294	-47.725765	-0.0089155985	0.00032403326	-0.008616855	-0.009651813	999.0	999.0	127999	-0.04351601	0.03925373	0.0063702306	-0.100031346	-0.002804331	3.9796404e-08	465.5599443912506
33	-46.79461	0.6159629	-45.733192	-47.244907	-0.0045809923	0.00019369103	-0.0042449245	-0.004943626	999.0	999.0	131999	-0.043523647	0.039250188	0.007650298	-0.09947944	-0.0027673016	3.939512e-08	480.2322862148285
34	-47.676872	0.61039484	-46.877464	-48.561882	-0.007253056	0.00040701093	-0.006844023	-0.008334083	999.0	999.0	135999	-0.043481003	0.039223444	0.010351792	-0.10065945	-0.002823909	4.4559798e-08	494.70881628990173
35	-21.889061	42.956882	52.46293	-48.345512	-0.2245456	0.073312856	-0.10197074	-0.3337538	997.5	999.0	139999	-0.037670165	0.0401336	0.11132741	-0.14227593	-0.008773031	0.058561567	509.27668619155884
36	-46.38721	0.763607	-45.58545	-47.45022	-0.12217555	0.045481384	-0.052976068	-0.16532302	999.0	999.0	143999	-0.025151141	0.039716784	0.12104782	-0.1345439	-0.021129403	0.019512927	523.782185792923
37	-46.63781	0.7765401	-45.4704	-47.65523	-0.43071595	8.3350256e-05	-0.43062732	-0.43090203	999.0	999.0	147999	-0.017210264	0.04627884	0.7572473	-0.10786997	-0.029734062	0.07765512	538.4042823314667
38	-47.831448	1.2494619	-46.250237	-49.743282	-1.478101	0.078669645	-1.3889511	-1.6391133	999.0	999.0	151999	0.013570702	0.109547816	2.6747694	-0.1933405	-0.061034735	0.094989665	552.993242263794
39	-22.983505	43.210518	51.833214	-49.457493	-0.5305309	0.13424039	-0.41012198	-0.7956499	998.25	999.0	155999	0.042145755	0.2070137	5.7170315	-0.17642024	-0.090495825	0.07296438	567.5017426013947
40	-46.448772	1.3645977	-45.07605	-48.710217	-3.442059	0.10987039	-3.2355022	-3.559258	999.0	999.0	159999	0.109982625	0.40005776	12.219177	-0.51872754	-0.16055354	0.15187924	582.2540740966797
41	-48.53728	1.2065562	-46.83572	-49.749855	-3.3779259	0.28200975	-2.8883426	-4.0195203	999.0	999.0	163999	0.16258156	0.56103957	15.63933	-0.9223844	-0.21494645	0.048807718	596.8096830844879
42	43.195793	45.310143	72.95081	-46.322956	-0.14604822	0.0032983848	-0.14204027	-0.15158972	753.0	999.0	167999	0.4107443	1.194061	44.856335	-1.558706	-0.48270616	0.22947946	611.2846038341522
43	77.51159	8.454303	89.55053	61.84993	41.469116	52.640804	96.02526	-11.212202	450.66666	581.9	171999	1.1734903	2.8377242	77.53073	-1.9379073	-1.2890358	0.15619051	624.1035451889038
44	90.33965	3.4567456	94.308014	73.82272	94.06006	0.34911484	94.23997	93.04169	163.8077	71.3	175999	3.4706874	6.9653444	138.80745	-1.6081382	-3.7146413	0.26275593	634.8908226490021
45	91.14853	1.7566036	94.6724	87.33929	93.39984	0.036697187	93.466064	93.34621	133.43333	67.8	179999	9.150024	13.360686	159.4961	-0.16887009	-9.667677	1.0501126	645.7298276424408
46	89.99356	2.0576873	94.68689	84.56364	93.28765	0.036212087	93.319046	93.20974	150.25926	68.2	183999	20.385107	18.868273	160.399	1.3955252	-21.281353	2.2250133	656.4979338645935
47	91.31511	2.0347323	94.8835	88.25987	92.95055	0.061859284	92.98693	92.79478	129.0	71.3	187999	34.45852	20.09932	151.27951	8.750824	-35.533695	2.9402223	667.3030800819397
48	90.946335	1.7210265	94.44213	88.401085	92.79298	0.09953441	92.90187	92.60258	133.46666	73.0	191999	48.839	17.978983	133.17645	18.771074	-50.018322	3.6173255	678.0237965583801
49	90.6208	2.541256	94.75144	81.612915	92.630356	0.07796212	92.703094	92.445915	138.96428	74.5	195999	57.497654	14.907242	120.11734	30.246567	-58.298595	4.201295	688.8945171833038
50	91.063896	1.4072081	94.359344	87.81635	92.22123	0.9402582	92.85368	90.101555	132.90323	79.5	199999	57.655766	13.039708	121.18859	38.52183	-58.267704	3.7345636	700.0156464576721
51	91.26938	1.581875	93.747826	87.37279	92.33395	1.2008309	93.39835	90.54779	129.76666	78.3	203999	57.97974	11.611458	107.8345	44.09876	-58.563694	3.309394	711.0721938610077
52	92.233826	1.2819464	94.94205	88.48135	89.77211	0.8911024	90.646706	88.41557	113.888885	105.8	207999	55.56171	11.383466	108.11449	41.078384	-56.008125	3.216546	721.9264240264893
53	92.4456	1.2125847	94.701675	89.21122	91.59349	1.7593921	93.100555	89.016975	112.02857	84.9	211999	54.211796	11.562023	110.15656	40.674503	-54.723354	3.0672398	732.8973751068115
54	92.025085	2.0382903	94.545204	86.39594	91.84519	1.3649621	93.10556	89.7243	119.44118	82.5	215999	53.850716	11.965968	113.273926	39.76327	-54.382668	2.7318492	743.7154099941254
55	91.39117	1.8469743	94.63858	87.97581	92.662094	0.14351806	92.79855	92.35669	129.70967	74.2	219999	53.905933	12.263633	116.52449	39.603554	-54.409664	3.2203174	754.5695476531982
56	91.87554	1.8555006	94.8243	89.08603	92.16484	1.1908245	92.966156	89.69457	120.333336	79.2	223999	53.669216	12.961724	117.65568	39.27884	-54.18386	2.820011	765.5070402622223
57	91.950836	1.5306607	94.553314	89.04201	91.796196	1.4193366	93.04691	89.8067	119.818184	83.0	227999	54.25234	13.340712	116.830925	39.796738	-54.814034	2.7480986	776.4837989807129
58	91.55232	1.903406	94.669586	88.32089	92.088554	1.2352753	93.0082	90.02013	124.46875	79.9	231999	55.382458	13.471687	117.23828	40.27201	-55.941166	2.6460874	787.4516096115112
59	92.22734	1.7664046	95.14	88.41853	92.91447	0.08720478	92.98991	92.68562	114.97143	71.5	235999	55.955402	13.313234	116.0552	40.519974	-56.5023	2.7812274	798.3860929012299
60	91.550125	1.7602817	94.87663	89.33793	92.82381	0.10618883	92.96862	92.67766	127.34375	72.5	239999	56.39157	13.143194	116.31351	41.055107	-56.923344	2.6547031	809.5743548870087
61	91.98801	2.0848193	94.77977	87.736565	92.98488	0.06626349	93.07587	92.840744	117.84849	70.8	243999	56.66961	13.195546	115.42847	41.324715	-57.206688	2.5303388	820.5452773571014
62	91.40492	2.2289298	94.88792	87.818	92.987236	0.09528535	93.10393	92.825	128.21875	70.8	247999	56.990387	13.336626	115.28319	41.36064	-57.518013	2.6681373	831.2510361671448
63	92.15023	2.0192878	94.705765	88.40687	92.90675	0.11034344	93.004974	92.6575	116.606064	71.7	251999	57.06158	13.377566	110.93133	40.99835	-57.58294	2.7002246	841.9722516536713
64	91.1083	2.2937737	94.96477	85.57525	92.76001	0.12543897	92.88448	92.52356	131.83871	73.0	255999	57.225285	13.21912	109.13782	40.897346	-57.742363	2.528367	852.6567542552948
65	91.850464	2.106187	94.92045	88.81464	93.02008	0.09020055	93.20235	92.88574	120.42424	70.3	259999	57.29514	13.139856	107.42937	40.70933	-57.804314	2.2123914	863.4775841236115
66	91.52561	2.2995334	94.67579	86.97289	92.593895	1.0849814	93.171844	90.35625	124.36364	74.7	263999	57.184624	13.248603	105.870766	40.712666	-57.66592	2.287427	874.1649165153503
67	91.13346	1.8368202	94.41302	87.38661	93.11855	0.07063207	93.257805	93.01553	130.53334	69.2	267999	57.09422	13.353607	104.26506	40.126442	-57.58843	2.1563067	884.9355826377869
68	91.96341	1.7852447	95.413185	88.89079	93.12937	0.070286445	93.23211	93.00644	118.35294	69.2	271999	57.102528	13.512525	104.6391	40.2315	-57.590363	2.014537	895.6406590938568
69	91.760796	1.7758759	94.664566	88.24409	92.966286	0.038344115	93.02238	92.911835	120.121216	70.7	275999	57.251522	13.674099	104.50179	40.113342	-57.75044	1.91798	906.3938915729523
70	91.14775	1.6527762	94.181076	87.93781	93.139175	0.03547709	93.19659	93.10374	132.16129	69.0	279999	57.596424	13.590082	104.369125	40.379414	-58.096775	2.1668658	917.664956331253
71	91.067024	1.8664788	94.87565	87.304665	93.210434	0.05757074	93.29536	93.10197	131.76666	68.2	283999	57.740627	13.543548	104.881996	39.8881	-58.232594	2.0101285	928.771378993988
72	91.45526	1.8822435	94.81113	88.30621	93.26541	0.0713506	93.39907	93.19396	125.935486	67.8	287999	57.8565	13.53589	106.18255	40.245068	-58.337418	2.075235	939.5562915802002
73	90.86215	1.6095456	94.59131	87.89481	93.30411	0.07118818	93.39937	93.205284	134.83333	67.4	291999	57.63413	13.704806	106.86738	40.368565	-58.10347	2.055151	950.3437790870667
74	91.67507	1.8106687	94.79849	87.46894	93.289	0.05522536	93.347885	93.20137	122.606064	67.4	295999	57.65743	13.838924	106.010155	39.728424	-58.14392	2.162583	961.0646114349365
75	90.95543	1.5169034	94.40728	88.66046	93.26174	0.06241315	93.38581	93.20156	133.9	67.6	299999	57.88271	13.788305	106.20682	39.47661	-58.36615	2.1777558	971.8019068241119
76	91.390205	1.8607252	94.772575	88.05383	93.307396	0.06653864	93.388916	93.20205	126.354836	67.4	303999	58.050453	13.898696	106.4454	39.244	-58.536343	2.2702823	982.4731547832489
77	91.02752	1.4476593	94.68989	88.99047	93.352486	0.03510754	93.39506	93.30329	133.96666	67.0	307999	58.33489	13.812966	105.92377	39.636307	-58.814304	2.3057306	993.1934494972229
78	90.854195	1.6422349	94.43682	87.92386	93.298164	0.030183703	93.31375	93.20846	135.53334	67.1	311999	58.336456	13.938364	106.041466	39.009727	-58.81955	2.030867	1004.3526096343994
79	91.03474	1.7252796	94.35349	88.10163	93.34621	0.061461177	93.39982	93.20164	134.63333	67.1	315999	58.596867	13.95772	105.3363	39.329926	-59.07512	1.926283	1015.2312290668488
80	91.31352	2.205049	94.81244	86.11131	93.31223	0.059623152	93.39637	93.20136	128.29033	67.2	319999	58.650322	13.986649	104.39276	39.108	-59.127968	2.2898424	1026.2411625385284
81	91.41924	1.9609607	95.1692	88.30031	93.32172	0.065969355	93.399506	93.201294	128.70967	67.2	323999	58.805767	13.924104	103.69802	39.28785	-59.283634	1.8888035	1037.1601877212524
82	90.610954	1.2677567	94.04788	86.97427	93.30284	0.07074887	93.39544	93.20222	140.39285	67.3	327999	58.88968	13.946353	104.43873	39.77569	-59.358086	1.9972578	1047.8970255851746
83	91.35887	1.4285239	94.850815	89.28773	93.335464	0.03834018	93.399536	93.30197	130.58064	67.0	331999	58.962364	14.003291	104.506065	39.545517	-59.43101	2.004745	1058.784924507141
84	90.75789	1.3256661	94.236885	88.87676	93.40923	0.07395711	93.492966	93.30122	137.41379	66.3	335999	59.0035	14.009314	104.33328	40.339462	-59.46868	1.7109653	1069.5223200321198
85	91.29805	1.6972337	94.377975	87.97993	93.3152	0.04506441	93.38507	93.20838	127.09677	67.1	339999	59.072636	14.04582	103.718895	40.06485	-59.539146	1.816649	1080.3599381446838
86	91.218735	2.0124633	95.10828	88.009056	93.30971	0.051475488	93.369	93.20483	129.03226	67.2	343999	59.04145	14.077576	103.6009	39.695366	-59.490612	1.9343829	1091.097327709198
87	90.97533	2.0053246	94.353035	83.49189	93.33238	0.053725913	93.39804	93.21155	132.67741	67.1	347999	59.013924	14.185267	104.21369	39.439404	-59.474983	1.7018784	1101.8678126335144
88	91.52707	1.7069287	94.44729	89.132805	93.2936	0.058777932	93.39929	93.20146	124.21875	67.3	351999	59.259815	14.179696	103.54423	40.042168	-59.72182	1.6361275	1112.5492963790894
89	90.89273	1.7723367	94.44182	88.400085	93.334755	0.020671329	93.36986	93.304855	133.9	67.0	355999	59.32711	14.135111	104.81852	39.292313	-59.784595	1.8436406	1123.342983007431
90	91.075806	1.6890014	94.59023	88.758446	93.34953	0.03185361	93.39909	93.30613	133.13333	67.0	359999	59.363705	14.136933	105.48834	39.659233	-59.822617	1.6109686	1134.4474577903748
91	90.78782	1.4957016	94.52494	88.84965	93.413925	0.07922706	93.49793	93.3006	136.06897	66.3	363999	59.579605	14.170617	104.8946	39.629658	-60.04477	1.5787046	1145.4866902828217
92	91.13982	1.5464888	94.463806	88.492935	93.38318	0.05577611	93.48853	93.30169	131.6129	66.7	367999	59.73853	14.120282	103.73859	40.027046	-60.199413	1.7026427	1156.172015428543
93	90.73048	1.7213699	94.17705	86.36969	93.38497	0.06829792	93.495834	93.30108	138.89285	66.4	371999	59.772243	14.068061	103.437325	39.733624	-60.223915	1.738651	1166.909396648407
94	90.95487	1.1565148	94.3108	89.70542	93.409744	0.04611773	93.496735	93.30476	133.33333	66.2	375999	59.749485	14.040702	102.672424	39.19678	-60.196735	1.6381727	1177.6634423732758
95	90.82099	1.4146588	94.38462	86.224915	93.39992	0.05437433	93.498505	93.301285	137.13792	66.3	379999	59.795326	14.100973	103.67861	38.83187	-60.240936	1.6430764	1188.4840950965881
96	90.69649	0.88719106	94.05868	89.0366	93.38763	0.06806484	93.492744	93.30033	138.24138	66.5	383999	59.68264	14.104902	104.404434	39.49522	-60.123245	1.7460515	1199.147828578949
97	91.10935	1.5699404	94.71074	88.04301	93.4041	0.06413705	93.487625	93.30313	133.66667	66.4	387999	59.595524	14.179165	103.63509	39.676907	-60.034508	1.4072527	1209.8590669631958
98	90.785614	1.3213907	94.12471	88.07493	93.31136	0.055769503	93.38644	93.20255	137.3	67.2	391999	59.657288	14.21064	103.97081	39.267956	-60.10465	1.6191858	1220.6129913330078
99	90.79399	1.6946574	94.61681	86.449936	93.376366	0.066247255	93.47387	93.30026	134.72414	66.6	395999	59.834282	14.245004	104.64726	39.2993	-60.282726	1.4880784	1231.4003326892853
100	90.79932	1.7788484	94.71348	86.66288	93.37275	0.055416513	93.437355	93.300285	134.63333	66.5	399999	59.925026	14.177255	104.368034	39.508667	-60.360847	1.6818966	1242.4449467658997
101	90.70282	1.1373565	94.06421	89.13199	93.402534	0.06672553	93.49548	93.3033	139.92857	66.3	403999	59.83142	14.322857	104.85058	39.398945	-60.266533	1.5344776	1253.3420917987823
102	90.161736	1.1971931	94.29207	87.31685	93.41977	0.062288497	93.49903	93.30717	144.96428	66.3	407999	59.84387	14.43889	105.355385	38.951416	-60.285526	1.7442664	1264.0926523208618
103	90.77862	1.1311792	93.89759	88.51452	93.38057	0.061871305	93.45447	93.30012	136.75862	66.5	411999	59.977863	14.407864	104.63458	38.970875	-60.41978	1.4632133	1274.866950750351
104	91.05964	1.4692177	94.43004	88.593346	93.41339	0.06114759	93.49668	93.301094	131.2258	66.2	415999	60.086098	14.359498	105.07437	38.20043	-60.517574	1.3054607	1285.654366493225
105	90.61987	1.0335232	93.61222	88.672646	93.39729	0.059075207	93.49719	93.30009	139.32143	66.4	419999	60.133305	14.179762	105.45408	38.763836	-60.5688	1.5433522	1296.4751770496368
106	90.74871	1.2947716	93.94158	88.903076	93.3756	0.077586554	93.50002	93.30489	137.13333	66.7	423999	60.058	14.16945	104.28131	38.97679	-60.48556	1.3999977	1307.3626372814178
107	91.50681	1.4653934	94.66146	89.5284	93.42357	0.046972774	93.48011	93.30457	126.03226	66.1	427999	60.007187	14.201444	103.7583	38.719067	-60.433643	1.6833031	1318.1180720329285
108	90.75766	1.4349644	94.144875	87.69275	93.37049	0.057235096	93.46465	93.30128	135.66667	66.7	431999	59.8114	14.295461	102.93672	39.57089	-60.23345	1.4199799	1328.870793581009
109	90.856	1.8692714	94.72199	88.25228	93.39461	0.0580901	93.49989	93.30359	135.1	66.5	435999	59.83796	14.292001	103.9291	39.11209	-60.267975	1.4029411	1345.0604190826416
110	90.89572	1.3727846	94.33869	88.65774	93.413345	0.0708719	93.49998	93.30671	134.72414	66.3	439999	59.88606	14.294762	103.604675	39.0541	-60.312244	1.4653355	1359.935780286789
111	90.228676	1.8037287	93.97685	85.724846	93.31848	0.09429963	93.47629	93.21209	146.07408	67.1	443999	59.99177	14.232768	102.78877	38.884556	-60.428658	1.5264333	1372.0324375629425
112	90.65854	1.8570734	94.499054	85.68541	93.36796	0.041648038	93.403854	93.30341	138.26666	66.4	447999	60.151268	14.242526	103.0243	39.019524	-60.577587	1.3824579	1383.4062967300415
113	91.037506	1.9639136	94.94727	86.99505	93.3674	0.043366656	93.45913	93.30429	132.2	66.9	451999	60.240856	14.347034	103.21603	39.292393	-60.679745	1.5397129	1394.2766716480255
114	90.903694	1.5359999	94.29661	87.91476	93.321884	0.076409474	93.49015	93.21312	135.06897	67.1	455999	60.44463	14.354532	103.25333	39.26048	-60.883858	1.3318342	1405.5715277194977
115	91.32321	1.974662	94.524315	86.51834	93.41381	0.06268579	93.49757	93.30166	126.625	66.2	459999	60.6217	14.304106	103.326805	38.882874	-61.0551	1.335883	1417.291002035141
116	91.021416	2.3492382	95.05858	81.90944	93.41605	0.0625547	93.4923	93.30076	135.48276	66.2	463999	60.70417	14.285718	102.713196	39.26929	-61.134624	1.3951863	1429.008938550949
117	91.236046	1.6881034	94.59759	86.494995	93.386055	0.043326747	93.45194	93.30709	130.93549	66.4	467999	60.735638	14.297181	102.23423	38.647537	-61.161716	1.2659831	1440.3205826282501
118	91.013626	1.7508965	94.62853	85.58496	93.38245	0.060756	93.41622	93.20133	134.06667	66.3	471999	60.805458	14.488111	102.34971	38.23035	-61.229168	1.2992444	1451.054630279541
119	90.95523	1.5232677	94.20535	88.93609	93.363014	0.062255833	93.4601	93.30697	133.76666	66.6	475999	60.84721	14.411187	103.0584	37.871284	-61.272514	1.2818394	1462.2206683158875
120	90.859474	1.5561521	94.40051	87.427444	93.389114	0.056967992	93.47921	93.30234	135.51724	66.4	479999	60.858223	14.444613	102.62353	37.290245	-61.281704	1.3315457	1474.5682208538055
121	90.62242	1.4212053	94.207146	87.14201	93.37709	0.07321834	93.49995	93.30008	139.55173	66.5	483999	60.96522	14.4449215	102.59352	37.916443	-61.39114	1.2144707	1486.3822419643402
122	90.81129	1.3427405	94.49175	88.11016	93.39217	0.042216923	93.47155	93.303185	137.82759	66.4	487999	61.1458	14.414903	103.22354	38.933193	-61.576958	1.2668159	1497.7087986469269
123	90.79383	2.4713726	94.34957	80.66817	93.40692	0.082279526	93.583336	93.3012	134.26666	66.1	491999	61.160458	14.394139	103.73785	38.624905	-61.584137	1.387816	1509.6267290115356
124	90.75165	1.19157	93.89466	88.67194	93.41457	0.04857723	93.50006	93.325294	135.2069	66.0	495999	61.185158	14.469074	104.11055	38.654194	-61.610554	1.3864762	1522.5394523143768
125	90.81648	1.7497964	94.59929	87.601746	93.432236	0.07407648	93.50609	93.30115	136.13333	66.0	499999	61.18116	14.455747	104.42339	37.945446	-61.60128	1.2847036	1535.377690076828
126	91.06371	1.5617771	94.51606	88.25429	93.45144	0.06868819	93.54365	93.3361	132.0	65.7	503999	61.274323	14.505158	104.333336	39.468807	-61.694298	1.1964941	1547.3620414733887
127	90.96423	1.8425517	94.37471	84.47186	93.28819	0.06729358	93.3976	93.20873	134.13333	67.5	507999	61.28373	14.488704	105.11354	39.60948	-61.699608	1.1973411	1559.5537433624268
128	90.90335	1.4576443	94.74555	88.64955	93.37994	0.03723695	93.44044	93.323715	134.83333	66.8	511999	61.32389	14.391167	105.168175	39.708324	-61.755768	1.346041	1570.8136904239655
129	91.00254	1.3134422	94.32887	88.05821	93.40832	0.059049882	93.49198	93.30148	134.65517	66.4	515999	61.50184	14.334266	105.16252	39.061275	-61.92518	1.2240556	1582.5030586719513
130	91.06819	1.3469943	94.39686	89.1445	93.37711	0.07999985	93.497856	93.300186	134.2	66.7	519999	61.51239	14.359402	105.10822	39.330135	-61.92991	1.2857028	1595.2719731330872
131	90.85012	1.5167668	94.67266	88.10536	93.411095	0.032428596	93.47194	93.34936	137.75862	66.3	523999	61.48306	14.409003	105.37158	40.345287	-61.90111	1.2578148	1606.847655057907
132	90.73745	1.7974722	94.662384	85.87511	93.40413	0.03078733	93.46226	93.347374	135.3	66.2	527999	61.571365	14.451185	104.36718	40.11672	-61.99318	1.2066239	1618.440530538559
133	91.00979	1.3050421	94.406	89.21686	93.395645	0.078468524	93.50076	93.30066	131.96666	66.4	531999	61.697773	14.389727	104.67012	40.521217	-62.121094	1.289554	1630.0494327545166
134	91.05713	1.591306	94.92803	88.17143	93.417755	0.03157356	93.46821	93.35842	133.03334	66.1	535999	61.706543	14.208871	104.13311	40.26312	-62.122528	1.27275	1644.0024852752686
135	91.235634	1.68104	94.411545	87.47796	93.41144	0.0722787	93.54486	93.30232	129.2258	66.0	539999	61.52475	14.144097	104.833694	40.769176	-61.933617	1.1867085	1655.830569267273
136	90.8828	1.6913747	94.790535	86.44233	93.45227	0.083157845	93.59647	93.33133	135.75862	65.7	543999	61.343925	14.323598	103.94186	40.51411	-61.75287	1.4037608	1668.6058275699615
137	90.63913	1.224416	94.06618	87.009224	93.44805	0.0898658	93.6004	93.30308	137.26666	65.8	547999	61.331657	14.562833	101.306335	39.648914	-61.754025	1.1498345	1679.7110030651093
138	90.42948	0.9281778	91.88286	87.08375	93.403496	0.06538339	93.49637	93.30694	143.14285	66.4	551999	61.661217	14.435062	101.85586	39.32103	-62.09068	1.240316	1690.36314868927
139	89.89979	1.8079956	93.984604	82.80912	93.394424	0.063179985	93.5057	93.31012	150.15384	66.4	555999	61.833355	14.210594	103.39363	39.43173	-62.25383	1.378982	1701.2335555553436
140	91.14219	1.1220903	94.59965	89.94699	93.43781	0.046000693	93.49606	93.34348	131.66667	66.2	559999	61.71831	14.368225	103.91483	40.05634	-62.13342	1.2330296	1712.292752981186
141	90.662796	1.6026437	94.70547	87.30875	93.42543	0.072674125	93.5035	93.30037	136.53334	66.3	563999	61.70787	14.403376	103.445946	40.315292	-62.127304	1.1748013	1723.0886282920837
142	91.314384	1.9510324	94.498276	86.037254	93.37533	0.041187853	93.41768	93.296	127.258064	67.2	567999	61.702015	14.483604	104.15366	40.163494	-62.119267	1.1677476	1734.606948852539
143	90.47314	1.2113606	94.33237	87.4996	93.274704	0.04177941	93.30666	93.15592	142.28572	68.1	571999	61.90318	14.518396	104.20746	39.72337	-62.32259	1.2188379	1748.0564696788788
144	91.79238	1.8744053	94.50974	86.96692	93.36321	0.051238626	93.40704	93.23714	119.82353	67.2	575999	62.0085	14.496036	104.12172	39.902424	-62.430943	1.1472787	1761.7463991641998
145	91.30446	1.612276	94.96432	89.48874	93.4411	0.05836164	93.48308	93.307915	128.12903	66.2	579999	62.216957	14.500571	105.30429	39.74515	-62.636795	1.1700605	1773.4049565792084
146	90.34003	1.5561861	94.42819	86.34378	93.43387	0.06792519	93.49903	93.3001	144.42857	66.2	583999	62.30766	14.439005	105.751976	39.5283	-62.724503	1.124295	1784.6690790653229
147	90.704056	1.2154293	94.51529	88.582794	93.46397	0.018421289	93.49651	93.428444	138.86208	66.0	587999	62.336155	14.401406	105.14596	39.784763	-62.75119	1.0848117	1795.633906841278
148	89.83582	1.4740661	93.81558	85.55724	93.41282	0.06659771	93.496735	93.30005	149.34616	66.2	591999	62.442112	14.35247	105.56835	39.178738	-62.867966	1.2910118	1806.5284082889557
149	90.56619	2.9664385	94.41716	78.61769	93.48509	0.050618056	93.57159	93.411255	138.7931	65.7	595999	62.47739	14.457504	106.46866	38.34916	-62.88851	1.4674131	1817.5444912910461
150	90.56405	1.399015	94.37238	88.09826	93.4591	0.05507557	93.53061	93.374725	140.34483	65.9	599999	62.33069	14.578039	106.50928	38.961376	-62.736107	1.2350668	1828.5568315982819
