Epoch	AverageEpRet	StdEpRet	MaxEpRet	MinEpRet	AverageTestEpRet	StdTestEpRet	MaxTestEpRet	MinTestEpRet	EpLen	TestEpLen	TotalEnvInteracts	AverageQVals	StdQVals	MaxQVals	MinQVals	LossPi	LossQ	Time
1	-201.75627	120.69353	-35.190426	-508.13913	-98.85689	119.72538	155.8451	-287.04135	103.541664	244.1	4999	-4.975201	22.158691	26.610558	-231.14973	3.4575243	37.50568	41.87900710105896
2	-212.9657	116.44921	0.57199425	-420.61115	16.326702	70.83191	218.02821	-48.47782	128.3077	879.5	9999	-12.042842	45.891727	65.05023	-259.91785	9.863472	33.659904	149.0951657295227
3	-111.128685	42.082012	-42.765438	-189.50177	-120.67202	34.476986	-91.42675	-213.20834	556.44446	675.7	14999	3.7030282	53.916317	105.0283	-253.25046	-6.2432766	29.20565	216.82723760604858
4	-82.86618	39.274544	-16.186615	-139.78961	-70.666595	23.607372	-39.32834	-129.0057	622.0	776.2	19999	22.943348	55.542553	126.747314	-246.19354	-25.046967	20.339563	283.5702221393585
5	-100.1206	38.245113	-36.949005	-172.42113	-109.5895	23.958658	-72.45547	-151.75195	348.57144	272.7	24999	32.419434	53.02696	128.88628	-252.73236	-34.10756	17.849968	331.0262632369995
6	-117.635254	45.27641	-15.866652	-208.76825	-7.8493056	20.4786	25.95071	-53.733997	334.6	1000.0	29999	33.616783	49.11727	133.5515	-250.28683	-35.09418	20.31857	402.2012982368469
7	-46.844627	26.675678	-13.463587	-89.628494	-6.695452	19.007763	22.605696	-36.55161	1000.0	1000.0	34999	36.96022	46.882072	150.95566	-245.04887	-38.537537	19.870338	481.7816665172577
8	-28.781567	61.07173	28.45118	-110.856544	-32.688805	31.19193	19.59032	-82.97395	1000.0	1000.0	39999	43.78632	45.58114	166.6297	-249.51439	-45.53929	20.472029	554.5786900520325
9	-15.814113	13.149054	3.1529639	-32.104973	-27.560999	15.616069	5.9335203	-51.904358	1000.0	1000.0	44999	51.011246	44.93918	166.08063	-288.15646	-52.659855	21.562965	636.6172633171082
10	-45.930225	36.47072	11.345951	-105.34494	-51.15149	58.713383	-0.8602705	-203.96829	773.0	834.8	49999	53.29833	44.4797	166.21306	-246.93848	-54.641743	20.405926	729.3695230484009
11	-80.63545	34.82202	-40.230232	-129.36337	-34.3327	32.690468	15.677609	-95.06533	909.1667	913.2	54999	51.847076	42.954784	167.1419	-263.47137	-53.108925	19.408997	823.3942978382111
12	-57.480335	24.56875	-14.076425	-79.10799	-39.510517	23.782532	-2.025685	-64.45047	1000.0	1000.0	59999	51.646896	40.752323	164.90414	-274.12747	-52.819813	17.829853	894.6382577419281
13	-103.503296	50.26473	-47.69935	-181.71046	-108.06311	58.004322	-7.1580024	-194.85716	842.4	649.5	64999	51.560497	39.076355	158.28673	-329.31357	-52.759964	16.905964	959.4781098365784
14	-143.95932	75.67107	20.715948	-230.65776	-93.09887	38.40564	-33.49662	-158.40063	678.25	324.8	69999	54.25096	38.76185	165.15262	-359.44073	-55.67995	17.51875	1005.8407309055328
15	-63.718678	42.771126	-8.650456	-116.2735	-63.83305	28.895828	-16.986246	-107.00734	895.1667	922.7	74999	60.331734	39.10947	180.09499	-329.1228	-61.76673	18.811405	1079.253619670868
16	-58.756397	21.75736	-25.721184	-87.26465	-39.33538	19.269178	-10.895746	-64.12634	1000.0	1000.0	79999	66.79851	39.956196	189.05138	-316.83307	-68.28106	16.514019	1168.7708411216736
17	-35.26114	19.029388	-4.1853304	-56.533657	-15.695371	14.432509	13.423003	-36.01701	1000.0	875.6	84999	74.3532	39.846893	191.1008	-260.0642	-75.8539	15.715719	1242.1294283866882
18	-52.60554	24.190807	-27.93087	-88.95862	-68.346146	21.91567	-40.908745	-107.84011	1000.0	1000.0	89999	78.719246	38.757614	237.8433	-235.62033	-80.18331	17.220116	1312.5669994354248
19	-91.64964	10.962148	-72.24445	-104.522	-91.65659	14.492531	-69.9412	-109.69531	1000.0	1000.0	94999	82.12285	36.306183	240.22482	-260.71564	-83.50413	18.43069	1396.9612135887146
20	-89.179695	63.45167	-36.97325	-216.7166	-112.3917	19.954676	-92.63697	-152.44426	669.8571	290.4	99999	82.18713	34.898304	240.02583	-240.34946	-83.45031	17.759644	1440.3331763744354
21	-120.41311	78.771484	-33.879475	-238.33856	-19.799166	13.267517	3.030639	-44.14286	816.6667	1000.0	104999	80.20945	34.551655	237.37715	-229.61807	-81.30792	20.263315	1512.0739080905914
22	-70.92948	64.36619	-8.345822	-191.51486	-29.936787	23.760418	1.3464004	-72.83763	963.2	1000.0	109999	76.41558	33.637207	234.93144	-249.48936	-77.51899	18.758846	1583.1660523414612
23	-48.19865	16.92169	-25.138355	-71.92186	-61.82765	24.266237	-22.15091	-102.13219	1000.0	1000.0	114999	74.94513	32.375397	229.51706	-241.08435	-76.04722	15.895047	1647.4691576957703
24	-104.086365	40.145626	-30.669285	-176.72426	-94.02617	16.140331	-64.501785	-117.77541	670.5	359.2	119999	72.24444	32.55006	211.64934	-271.52792	-73.31511	15.418628	1692.711173772812
25	-129.7258	28.460552	-61.23747	-184.08383	-132.67633	31.099556	-100.73231	-189.96375	252.65	200.3	124999	73.19679	34.001003	237.55948	-270.85727	-74.45428	16.405434	1726.2409029006958
26	-135.12755	59.68641	9.769571	-212.48462	-17.428417	32.866142	50.15164	-73.89143	216.0	748.6	129999	71.8206	35.358875	241.21516	-258.34073	-72.82303	16.769756	1773.1609058380127
27	-20.729586	28.408752	31.043768	-58.311764	-71.46455	55.513145	-3.3461375	-159.17914	588.55554	596.2	134999	68.899956	34.640377	230.2874	-258.102	-70.050224	15.153167	1825.6839237213135
28	-10.802555	27.036194	7.1030436	-69.7849	1.2398363	22.771467	39.92612	-32.88773	725.5	923.1	139999	73.81428	36.84438	233.35999	-258.40253	-75.39356	14.912702	1889.9730892181396
29	-9.619052	29.067722	23.95402	-47.852913	-41.945038	27.346558	5.5543876	-86.352264	1000.0	1000.0	144999	88.41129	37.63865	245.58287	-253.89127	-90.551	18.095705	1953.738275051117
30	-69.968315	47.687897	-13.434399	-145.20341	-143.02391	18.105278	-115.81182	-178.9395	925.0	633.4	149999	110.91212	40.16431	275.52106	-250.86311	-113.39217	20.74115	2007.6156344413757
31	-99.712456	62.686016	-13.656519	-176.47253	-27.844294	18.273767	4.0527654	-59.378548	773.6667	1000.0	154999	131.03163	46.36005	310.26743	-337.51013	-133.53235	25.029062	2072.7249794006348
32	-65.97453	25.779964	-32.73142	-100.01474	-111.161545	16.6268	-75.88329	-139.57913	1000.0	391.0	159999	144.50407	53.695442	347.71097	-312.9931	-146.70752	27.083994	2114.775250196457
33	-124.6152	38.642025	-49.51393	-188.50099	-88.17494	12.821638	-64.2036	-108.62336	559.44446	838.3	164999	143.48955	56.349865	350.08774	-304.59494	-145.09837	31.199966	2164.0033123493195
34	-140.51566	44.732857	-74.1705	-208.44185	-97.08007	30.384895	-44.34262	-141.02301	629.625	779.6	169999	133.12549	52.230545	316.17978	-362.3538	-134.57968	29.716337	2219.242238521576
35	-160.85869	80.35865	-56.75646	-300.02386	-234.3417	52.4723	-161.25163	-343.02515	790.5	327.5	174999	124.831	46.362995	277.97128	-297.1282	-126.07392	27.624172	2259.9124054908752
36	-194.52008	80.067924	-82.04641	-418.3623	-80.43426	28.19402	-45.739613	-135.91852	304.3889	538.7	179999	110.6731	38.68666	256.98853	-379.72037	-111.5496	32.935947	2300.090361595154
37	-106.77941	66.18131	-18.381945	-251.80496	-108.702675	34.407112	-66.75949	-177.46013	473.18182	603.4	184999	95.4121	33.06472	232.49135	-446.15048	-96.26079	29.312971	2345.8176925182343
38	-91.8676	33.710762	-21.370594	-143.71198	-46.848526	38.905304	27.740528	-104.427956	544.3333	963.9	189999	85.406654	32.71974	219.976	-344.71127	-86.398575	21.914356	2402.0384283065796
39	-35.44354	61.215286	40.933018	-142.23943	-114.10006	72.90151	-6.002406	-238.9889	797.3333	403.6	194999	77.93327	34.931335	214.38669	-287.81754	-78.91342	18.700775	2444.5389635562897
40	-115.17798	76.23326	31.857088	-219.5217	-92.56246	55.82611	-10.698875	-174.11102	484.9	371.1	199999	73.861755	37.5438	198.42175	-323.83194	-74.93479	16.540934	2487.076169013977
41	-122.01605	29.628178	-79.08562	-161.92091	-94.530045	20.416695	-50.889664	-119.58564	889.0	1000.0	204999	68.81624	37.872765	193.542	-276.19757	-69.6539	14.595444	2543.3922510147095
42	-98.61283	28.661604	-60.794544	-132.7523	-96.7093	15.773527	-75.08205	-125.10101	1000.0	1000.0	209999	63.049183	36.16959	191.31972	-270.684	-63.93936	13.864212	2603.67804646492
43	-86.75551	18.088554	-68.57183	-111.99861	-91.012985	18.931036	-67.96839	-120.28036	1000.0	1000.0	214999	60.79422	32.943142	191.37805	-253.33272	-61.67541	14.423505	2660.7770159244537
44	-106.7114	13.687824	-88.64836	-127.39422	-146.08624	37.209576	-82.534225	-202.5684	724.8333	326.1	219999	56.610615	31.186886	187.18803	-242.70256	-57.377636	14.820232	2706.102760076523
45	-52.42935	48.643845	63.14481	-109.86478	175.79837	45.84074	257.73535	72.683815	732.625	429.0	224999	55.459087	27.273632	157.87775	-328.13083	-56.465687	13.990383	2752.149666070938
46	112.031624	113.48432	254.5866	-82.187904	110.33586	85.7273	205.21341	-40.858147	397.75	660.3	229999	58.957264	25.787266	154.23502	-287.2329	-60.009026	14.8794	2798.4953916072845
47	91.7096	121.71467	248.02565	-59.09353	144.17908	104.98045	236.9519	-126.00083	724.8571	558.4	234999	61.807774	25.997038	157.95944	-332.05573	-62.86532	14.5068655	2842.4754531383514
48	76.59261	136.11105	288.57144	-101.78792	123.082275	100.76253	274.87766	-23.148918	379.58334	362.9	239999	64.982216	26.03695	170.415	-285.1874	-66.01764	15.686563	2884.3452928066254
49	220.59344	50.14992	276.8591	134.29044	201.40347	70.1672	294.8833	15.579439	605.625	329.2	244999	66.07036	25.820354	175.23277	-268.19916	-67.069084	17.052578	2926.0797550678253
50	128.68216	92.61742	245.69508	-20.69578	24.13754	64.26928	156.7831	-37.995712	701.375	864.1	249999	67.879654	23.112087	181.35762	-261.69852	-68.90852	16.767548	2982.4993908405304
51	152.51491	85.20008	218.54457	-74.981	108.694595	120.82861	252.11507	-55.758106	537.2222	514.0	254999	68.33305	21.955343	186.30475	-238.95029	-69.2975	18.48821	3036.9237508773804
52	130.90643	100.76814	237.64767	-32.49173	188.939	52.966885	259.20963	84.802826	515.7	499.4	259999	67.64721	23.07949	183.13893	-297.89142	-68.56537	15.952909	3086.322164297104
53	168.11972	70.38482	236.34511	-5.982541	174.31757	60.667297	227.45482	6.252829	507.1	642.8	264999	66.327255	24.863134	178.70702	-278.4451	-67.228294	15.189853	3143.0102055072784
54	146.60762	109.58907	275.4183	-68.962364	-22.46413	11.850687	-6.1663795	-41.86125	727.1667	1000.0	269999	64.82826	25.520638	174.57289	-305.68698	-65.699486	14.02904	3213.152999162674
55	82.00344	117.42612	233.47388	-70.96286	220.91182	18.319523	261.32874	197.01721	600.8889	420.1	274999	64.77146	25.195303	189.44716	-357.28247	-65.732834	14.814778	3259.92675614357
56	84.427574	124.29776	273.20798	-86.80799	202.68211	29.824673	243.29822	143.39886	636.0	455.8	279999	66.62144	25.618052	197.03938	-352.51486	-67.654434	15.636254	3336.8708674907684
57	154.29515	112.20907	254.59216	-42.71572	43.160828	68.08231	238.92651	-4.23493	707.0	948.6	284999	69.94719	26.121119	203.99385	-319.67453	-71.06475	16.374802	3422.285944700241
58	-21.569801	20.588266	1.4297311	-50.02728	-15.266813	13.785732	12.357147	-40.37191	1000.0	1000.0	289999	73.51692	26.344126	213.88351	-303.22754	-74.650475	18.020866	3524.80806684494
59	-35.487984	35.318195	17.427988	-78.33701	-57.912483	23.903238	-5.5071564	-83.87451	913.0	1000.0	294999	76.9778	25.979776	203.61224	-275.636	-78.16712	19.23068	3598.690313100815
60	-58.061253	59.545265	52.416843	-131.09761	-99.17198	37.740925	-35.75897	-183.1247	903.1667	912.4	299999	79.176476	26.581469	201.55307	-311.76758	-80.28564	18.6071	3660.1744182109833
61	-121.50397	24.568918	-82.94906	-164.28995	-120.14175	27.692682	-76.89939	-162.66283	758.7143	274.7	304999	78.07805	27.260038	201.58546	-326.83133	-78.985245	16.439535	3705.423305749893
62	-136.2349	20.726336	-111.353134	-165.9533	-153.40146	26.099457	-117.13023	-203.08897	487.3	295.5	309999	72.18928	28.356024	200.51741	-272.3117	-72.90791	16.25627	3750.8262877464294
63	-144.3636	27.813694	-97.78672	-193.32573	6.3265524	97.39631	173.96579	-104.73525	409.27274	923.3	314999	64.34033	28.40642	191.77113	-298.86713	-64.93656	14.479191	3814.604962348938
64	65.13939	109.35864	213.51347	-59.08234	134.3749	84.72336	223.5992	-47.122158	944.0	721.9	319999	58.058285	27.01397	184.43953	-354.66235	-58.7571	16.435581	3879.5364904403687
65	60.41714	98.5821	158.73764	-75.37898	161.19446	65.24402	218.97484	-17.296396	715.7143	520.7	324999	55.73269	24.965633	186.01654	-314.0758	-56.514893	14.28427	3933.0345623493195
66	97.64983	72.95186	175.77846	-52.504185	172.12256	80.36268	249.43849	-56.422817	759.1429	506.7	329999	56.089363	23.30907	190.85875	-325.55728	-56.93514	15.227713	3987.2346708774567
67	136.77428	54.119835	218.18088	43.74252	164.44019	51.44592	221.5992	79.93281	750.8571	813.7	334999	57.195477	22.59644	183.70792	-303.34555	-58.066025	15.80387	4047.3767697811127
68	170.2495	78.13642	236.26096	-14.540357	134.25906	61.789345	211.0041	-8.900427	628.2857	805.3	339999	58.35082	22.589092	182.17554	-297.1336	-59.19507	14.506829	4116.720152854919
69	116.26762	68.455215	195.12444	-11.047697	118.175476	51.66359	198.66096	50.37762	749.7143	851.7	344999	58.064182	22.165281	182.94022	-323.6438	-58.82613	15.523444	4178.6502113342285
70	199.31342	26.772715	237.82722	158.44368	203.94276	44.499638	255.10985	82.58839	654.375	640.7	349999	56.59777	22.23583	188.34152	-238.68843	-57.3307	13.55485	4225.788807630539
71	174.6348	93.46859	290.76947	0.17741044	184.08844	28.770002	227.13823	140.04543	387.5	755.8	354999	55.15209	22.457582	189.04266	-292.3768	-55.863117	13.505803	4269.071710109711
72	185.8059	92.536446	266.49185	15.845518	181.79132	99.035645	280.42868	-28.5267	291.70587	372.6	359999	54.449005	21.8832	186.0349	-271.21576	-55.19692	12.631676	4304.735302209854
73	176.45436	110.45197	275.77316	-71.48873	158.90121	107.08242	271.58527	10.663132	332.46667	199.5	364999	56.296932	21.910082	200.4893	-272.07443	-57.199387	13.461787	4337.481079816818
74	150.9495	154.14485	271.91034	-451.67966	210.7677	82.92829	289.24252	26.928158	194.15384	537.0	369999	61.363274	24.769024	218.0732	-313.657	-62.399513	14.724663	4373.511761188507
75	178.52344	115.323364	295.73895	-125.864075	177.36119	125.12432	284.21466	-76.63179	303.2143	546.7	374999	66.78022	27.790892	227.34334	-337.70547	-67.7774	16.028498	4415.910840272903
76	146.04451	119.98965	282.53677	-24.86573	152.00215	169.33273	280.9573	-287.75833	405.69232	396.4	379999	68.378426	29.04228	232.14946	-274.5072	-69.25615	17.473913	4452.491426944733
77	137.71336	97.94931	268.7777	20.25341	179.94302	102.962074	279.5199	14.961519	389.07144	272.4	384999	66.32606	29.889967	232.60919	-303.9174	-67.09586	16.23332	4487.338059663773
78	56.81923	103.11341	308.8313	-93.233055	69.20112	81.3972	263.1462	-9.740282	219.39131	184.6	389999	64.62634	30.541922	229.98557	-273.62445	-65.41445	14.062135	4520.483520269394
79	121.088234	102.74642	285.5713	1.68613	204.5859	90.710945	281.2872	24.327438	215.91304	384.1	394999	62.20873	30.616941	223.45288	-312.81262	-62.891407	16.480556	4555.362931251526
80	191.9985	82.30179	266.57825	17.03554	102.63767	125.04627	258.2029	-135.69647	338.06668	275.8	399999	58.645187	29.451797	213.72441	-263.48178	-59.33483	16.78126	4590.075254678726
81	86.77137	139.27113	265.31735	-155.98196	23.704865	145.07219	257.9466	-102.440994	319.23077	327.9	404999	56.832348	28.836388	205.01582	-282.6559	-57.511875	16.375195	4628.660796403885
82	64.20616	112.98317	273.4878	-98.781334	159.1948	126.89485	263.19684	-91.77831	402.15384	495.2	409999	56.47816	28.62599	206.1241	-312.82407	-57.26914	17.274477	4670.874625921249
83	157.23935	127.66922	300.77072	-52.37387	232.50916	62.269993	275.95645	52.73025	312.16666	311.3	414999	58.772747	29.227108	206.6879	-274.2208	-59.61659	17.677668	4704.820842266083
84	178.48392	108.72661	302.0773	-13.309214	188.0213	85.565636	279.51828	33.59287	259.6842	364.6	419999	60.250984	29.167255	203.0969	-355.80164	-61.05183	19.04194	4739.050581216812
85	235.05525	56.385963	285.4132	47.618626	145.33998	141.19632	288.88943	-121.18541	329.07144	368.6	424999	59.80112	29.111683	200.34462	-352.8603	-60.51119	18.513084	4776.731707811356
86	150.71864	115.11299	273.78217	-70.82836	99.06888	132.02194	264.47314	-49.41585	412.25	773.7	429999	58.682842	28.46789	198.16708	-305.81992	-59.401176	17.287931	4820.61480140686
87	166.60905	104.46647	286.91156	16.180677	163.19154	92.348236	273.72852	20.058672	323.33334	406.1	434999	58.464916	28.00424	196.764	-252.27528	-59.21498	17.002682	4858.3291437625885
88	146.20663	108.93168	307.91666	8.394212	143.36684	86.541115	255.27898	1.8152581	262.2	570.8	439999	60.07318	27.92685	199.50781	-300.22784	-60.91283	18.026628	4897.244072437286
89	162.18056	93.80368	253.51204	12.823901	110.51687	153.40637	251.11827	-253.10281	378.66666	369.7	444999	63.168095	28.330032	210.17422	-288.37466	-64.057434	18.610071	4936.475536584854
90	133.49591	113.098045	297.87308	-31.63659	47.110172	115.70427	258.2501	-197.73193	391.66666	691.3	449999	65.142426	29.397526	219.3244	-265.52304	-65.991425	19.26785	4983.676784992218
91	197.39186	92.18997	269.1459	22.34714	201.85963	82.58235	293.96844	23.773052	341.33334	507.4	454999	67.256485	29.793818	222.46982	-230.15219	-68.153366	18.050041	5024.594673395157
92	210.21239	89.85725	275.33417	-55.767517	178.28006	101.017815	258.94635	-27.995985	536.2727	540.5	459999	68.824905	30.252247	226.6449	-237.29688	-69.694664	19.549244	5064.756551742554
93	164.24017	107.50498	270.4112	-33.450367	150.11069	115.115005	263.4044	-22.629425	510.77777	291.6	464999	69.33236	29.821114	227.63559	-324.1063	-70.19142	19.12763	5102.238576412201
94	129.00012	147.03593	267.63867	-173.62679	-28.245708	205.65692	206.32068	-521.01306	613.625	809.7	469999	68.82487	29.578482	221.34802	-316.51678	-69.615135	18.790699	5148.522781133652
95	115.46577	143.50423	255.05232	-142.01825	126.021324	149.77988	267.7757	-180.71317	444.66666	333.6	474999	66.83718	28.451822	216.45969	-392.75018	-67.56344	18.270426	5189.938700199127
96	129.82262	171.71573	289.84576	-195.47765	184.73087	85.805	267.0526	28.971825	485.5	391.6	479999	63.774506	26.915308	215.19785	-268.35236	-64.402916	17.191553	5231.070764064789
97	138.61227	130.52	280.9956	-87.34174	123.23729	112.58005	280.33426	-23.506548	326.1875	288.9	484999	60.561115	25.94476	212.87498	-328.09436	-61.171883	17.231285	5267.168026208878
98	142.58728	124.64634	282.08954	-39.70651	204.01503	90.75465	276.7389	15.104473	256.64706	414.8	489999	59.96952	26.317236	214.99968	-372.9895	-60.68197	16.221899	5304.298675775528
99	207.57321	103.54923	302.86557	-20.509653	228.21939	65.460014	288.5907	46.972816	356.2	195.0	494999	62.67979	27.229696	217.42488	-336.44147	-63.55461	17.282251	5339.1181173324585
100	207.13808	97.40447	287.79242	-51.790665	238.71533	71.808334	290.16254	31.633587	297.72223	386.0	499999	67.309296	28.049458	217.34853	-291.2437	-68.2823	18.739044	5374.625474452972
101	247.28088	84.33985	307.82867	-76.308655	185.35135	124.11895	265.39505	-166.88263	291.17648	458.8	504999	71.44081	28.335913	215.94589	-303.3495	-72.356674	19.279703	5411.6729419231415
102	192.87918	102.177216	281.64536	0.9535847	228.05222	76.17618	283.82617	28.512896	248.1579	409.5	509999	72.03374	28.57912	211.68071	-265.23218	-72.82918	20.581682	5447.235318899155
103	210.21336	93.13824	288.17847	-3.9617922	171.55196	109.08024	268.58124	-10.82656	373.7143	572.2	514999	70.68568	29.009855	210.34456	-334.0239	-71.43175	21.033863	5488.17107462883
104	184.74452	138.99974	273.00348	-169.39072	243.51578	34.13079	278.13306	159.48444	284.55554	324.4	519999	69.49965	30.553099	219.10445	-259.0458	-70.27909	20.188131	5525.169409990311
105	245.12065	61.900204	299.0169	38.513214	220.1232	96.30682	315.5272	28.099178	349.0	186.7	524999	69.02629	32.32447	218.54027	-235.14287	-69.79906	20.361921	5558.231562614441
106	210.84123	120.398445	283.9145	-167.21043	192.42902	83.63973	273.70273	-1.0825075	280.27777	494.3	529999	68.80328	32.446205	218.24796	-280.5616	-69.63661	19.397306	5594.842731714249
107	241.59155	68.81687	302.64218	-11.258573	203.03658	92.25408	302.45334	17.737192	309.8125	428.5	534999	70.34463	31.99989	215.31543	-354.33777	-71.201965	20.074818	5634.01580286026
108	256.10272	27.862978	314.11548	207.82011	192.56229	95.271515	256.24252	-13.284164	303.1875	241.1	539999	70.78274	31.92418	211.86966	-428.5311	-71.57331	21.841122	5669.654157400131
109	237.80185	63.37887	287.6944	3.6165936	156.21588	105.16551	292.81985	-53.200863	305.64706	550.6	544999	70.62385	31.416946	217.889	-437.54318	-71.44815	23.002512	5709.435678720474
110	164.9286	107.699165	284.26093	4.2332463	210.88716	80.99497	287.61163	14.336384	327.06668	500.8	549999	71.30216	31.059761	216.52911	-387.9547	-72.10953	22.852003	5749.184686660767
111	233.16942	78.66257	298.84024	11.933536	219.9567	100.23635	290.7137	23.752367	368.23077	269.9	554999	71.282394	31.27318	205.03639	-283.08374	-72.09031	22.75349	5787.5020072460175
112	211.61226	96.02083	308.66312	4.375649	193.43849	84.00648	282.01654	-8.500568	421.75	461.3	559999	71.32906	31.250362	206.31712	-272.8858	-72.133316	21.437487	5827.347560405731
113	237.93515	72.256615	301.5888	16.49641	199.06165	78.51518	276.48697	9.085067	252.5238	426.3	564999	72.12959	31.324915	203.40526	-270.2465	-72.960365	21.139614	5864.43076133728
114	227.21391	39.087097	283.75327	127.72953	131.26878	93.44819	253.21024	-63.66507	375.41666	755.2	569999	72.660675	31.129915	201.53494	-243.54655	-73.46133	21.26187	5909.96235203743
115	209.91293	62.278183	281.62115	29.505102	149.07304	147.10072	295.61325	-120.09434	378.0	356.3	574999	72.68087	30.847586	198.27852	-238.34346	-73.44242	19.024427	5949.460952997208
116	242.36032	68.09263	297.32065	23.247955	99.15663	147.24944	291.09302	-157.18718	385.3846	396.3	579999	72.06661	30.498642	203.56062	-325.50745	-72.825935	19.655235	5989.745095491409
117	245.5204	50.313942	307.7873	110.97833	125.23096	150.88974	289.7453	-125.52936	453.63635	506.5	584999	72.41178	31.074707	205.79633	-317.02744	-73.22793	17.762854	6030.991278886795
118	185.58717	145.30867	291.50153	-151.71677	163.23172	90.96566	302.77274	-10.844445	423.41666	729.8	589999	73.382614	31.171741	222.96623	-291.31516	-74.1801	19.10992	6075.6088943481445
119	214.10568	59.29624	272.96942	81.65667	65.63599	265.88092	293.73972	-535.64594	599.375	505.3	594999	72.75728	31.301798	225.45355	-261.61768	-73.51478	19.495968	6118.544847249985
120	245.68427	47.787395	288.19186	104.73731	245.628	22.680403	281.84183	212.49013	398.30768	437.2	599999	71.7018	31.122402	232.20245	-289.7642	-72.42525	18.89241	6159.012491941452
121	174.11069	106.809845	276.46106	-20.705109	248.82483	39.145306	299.06415	140.85481	508.8	506.9	604999	70.73439	31.511364	225.5814	-255.78133	-71.48958	18.428791	6201.656832933426
122	199.25995	65.489845	256.31573	52.094517	190.2344	97.55254	255.56195	-82.373764	528.8889	478.3	609999	71.7039	32.404186	223.58224	-472.59875	-72.54416	18.896662	6244.889718055725
123	187.63922	74.79464	247.54504	-15.727789	96.391335	135.25449	232.9818	-110.48969	485.6	516.5	614999	72.78161	32.211395	219.87112	-624.46783	-73.55844	19.455334	6289.173241615295
124	111.20657	131.97942	264.52856	-134.18774	133.04385	130.82767	253.31195	-116.411224	380.0	490.2	619999	71.30364	29.84013	208.61703	-672.1086	-71.947296	22.096281	6333.056623697281
125	138.16185	142.38165	280.7767	-129.6625	178.85648	75.5231	259.3281	22.112535	527.2727	557.9	624999	67.77085	27.55714	196.3374	-441.47955	-68.33733	18.427177	6378.157092094421
126	207.5754	72.69535	272.26852	20.294474	220.11722	43.65617	279.718	115.52468	431.0	394.3	629999	65.96428	27.263475	206.24045	-596.9705	-66.599815	20.103943	6419.289590120316
127	221.49596	25.123577	267.68567	173.34685	228.93594	30.996933	261.18066	172.289	437.0	306.5	634999	66.02134	27.873434	215.52821	-761.597	-66.72619	21.085276	6457.4206075668335
128	202.34192	81.652336	271.82394	-35.276398	179.77548	74.389984	253.6786	-15.053393	357.33334	478.4	639999	68.06155	29.446253	223.05438	-467.16452	-68.838524	19.108404	6496.7540764808655
129	222.49878	64.368805	276.62268	74.70649	165.51387	102.93929	267.4606	-44.83732	509.0909	710.3	644999	70.30765	31.077768	227.05739	-517.0064	-71.11831	19.074913	6541.01922082901
130	224.08205	43.535793	274.9756	142.89445	142.02182	74.21717	241.93431	24.133179	561.44446	443.0	649999	71.99247	31.501389	233.94975	-545.9154	-72.78914	22.011293	6580.986412525177
131	211.21857	88.234535	289.92355	-40.42751	169.49873	109.07918	272.63467	-60.537888	435.81818	466.0	654999	73.307846	31.225956	239.94122	-440.623	-74.11171	20.393402	6622.133307218552
132	226.74878	38.55541	288.8191	132.90742	90.14925	131.86719	208.68399	-78.478615	382.0	571.5	659999	74.44711	30.727472	236.17035	-593.85144	-75.261826	19.2972	6665.7330911159515
133	186.9641	77.81187	296.97025	-7.5031595	204.98799	78.51793	282.0245	57.230995	454.27274	542.3	664999	75.0795	29.718166	229.55542	-577.4153	-75.844246	20.058128	6706.648876905441
134	176.84082	104.26367	276.91415	-10.565514	209.74954	86.3392	283.42938	-24.532028	278.16666	402.0	669999	74.97691	28.111134	214.79588	-485.46365	-75.69672	19.781738	6744.713115930557
135	124.59459	133.78235	289.6118	-76.48606	168.26201	104.548965	281.45508	-38.890232	440.8	441.7	674999	74.169586	27.376257	205.25056	-364.68274	-74.909615	19.934708	6785.44539475441
136	200.25377	68.939896	267.16592	20.340742	217.13913	32.692852	260.4895	154.22682	369.66666	415.4	679999	74.85502	27.107172	197.83566	-463.7626	-75.66189	19.891588	6824.243472099304
137	223.5248	99.1524	305.5007	-21.742115	240.95235	58.26841	292.72626	141.83516	261.21054	472.0	684999	76.627914	26.453573	195.62491	-341.5404	-77.435074	19.466013	6861.9242951869965
138	197.82399	94.72387	295.63028	9.988922	224.81882	29.489786	290.6636	178.99019	239.38095	227.5	689999	77.16201	25.260248	187.66028	-369.10895	-77.914215	20.845205	6899.55522108078
139	168.66362	102.219826	273.1131	-30.476318	159.16371	124.80647	307.4435	-27.442522	232.7	333.1	694999	78.1386	25.091877	193.69455	-339.60684	-78.97686	20.586218	6936.468866348267
140	144.18565	128.0174	277.50778	-107.3454	134.16223	107.34516	238.05704	-35.227142	377.5	578.0	699999	80.08098	26.149567	194.5238	-280.9094	-80.92825	21.721584	6987.8389048576355
141	226.00731	31.303392	285.78336	187.71106	198.82297	44.014076	285.89584	104.333984	311.26666	460.3	704999	80.663605	27.56238	194.81126	-370.0914	-81.44333	19.298033	7037.024244070053
142	158.82858	104.69897	281.70773	-115.947556	177.23895	88.07038	225.29143	-85.60084	539.3	386.0	709999	80.38487	28.52806	196.09567	-413.98932	-81.15321	18.807566	7085.376238107681
143	147.71567	116.755646	281.13895	-72.25251	185.1641	84.5184	292.45428	-43.993664	547.375	273.6	714999	79.28857	29.256592	198.32164	-305.69644	-80.02954	16.609528	7125.121527671814
144	210.05046	88.38755	297.17218	-74.46778	215.40207	110.78317	296.8132	-95.49388	376.06668	296.8	719999	78.171616	29.98095	199.22704	-306.62943	-78.87837	17.323719	7163.989350557327
145	222.89427	44.944206	292.33017	127.17499	114.44161	110.29602	236.8691	-71.17597	329.06668	508.6	724999	75.908394	30.92261	201.79608	-298.84796	-76.548645	16.111055	7204.6214389801025
146	207.51915	79.5551	282.74292	-2.0987163	214.93913	97.801414	294.46414	-64.20079	392.30768	498.6	729999	73.92078	31.283657	205.40068	-306.26978	-74.57159	16.403595	7247.988118171692
147	167.09367	118.07318	287.85135	-55.367294	250.98347	23.105925	284.9494	213.48059	352.57144	368.5	734999	72.42146	31.291931	196.87804	-310.8453	-73.11814	17.705328	7287.522000551224
148	235.90988	35.7893	290.72906	174.01509	186.54887	103.75776	294.32748	-98.341064	323.57144	347.0	739999	71.553406	30.398613	197.89923	-341.83768	-72.217026	17.823498	7325.303061246872
149	238.71051	38.935345	284.3418	142.51247	219.84482	40.131817	264.29373	138.08333	425.53845	565.6	744999	70.41414	29.331844	199.69849	-298.81705	-71.038	19.807865	7366.499627351761
150	237.87012	58.639965	286.07556	46.845955	191.5686	100.29247	293.31146	-58.299133	373.6154	723.6	749999	69.372604	29.30645	212.6566	-324.62613	-70.02063	18.306522	7411.169616937637
151	254.97874	30.091503	293.00928	184.45007	175.54932	93.852806	281.50653	44.588	360.57144	608.1	754999	69.4217	29.318985	211.36324	-245.48735	-70.09114	18.336899	7456.879146099091
152	240.35643	37.400726	287.41946	144.4834	195.70993	42.696186	257.95557	117.58429	339.42856	594.1	759999	70.09142	29.699102	218.32314	-243.36678	-70.801125	19.226988	7498.78321480751
153	218.09062	74.98882	279.2005	10.441074	201.53964	70.86959	271.24927	23.087755	416.41666	362.4	764999	70.60914	29.889698	214.19695	-236.00049	-71.31191	19.230341	7536.580820083618
154	205.10606	94.88811	298.91415	5.279829	166.35083	98.51349	275.32825	-14.775887	376.07144	505.8	769999	71.35903	30.65417	226.35838	-290.84894	-72.05896	18.142496	7576.296204090118
155	164.82333	104.54109	278.44708	-32.57382	205.79533	76.20397	277.51382	-8.541439	278.83334	327.7	774999	71.455376	31.16348	222.80453	-261.4826	-72.1354	18.443968	7612.860069274902
156	210.15717	53.810555	265.91537	27.40369	129.64853	116.895294	256.71967	-100.314766	276.125	534.6	779999	71.490486	31.442854	229.33243	-274.37402	-72.19652	18.459316	7652.958618879318
157	203.01602	64.74572	262.15884	1.6831032	186.44835	85.91467	273.5001	21.897835	386.64285	432.5	784999	71.52619	31.427914	232.47688	-256.00665	-72.210144	18.109713	7691.339854717255
158	207.28032	64.819954	285.2751	-3.4178119	184.10953	89.96451	277.71774	18.519028	307.82352	389.0	789999	71.4614	31.28851	229.85596	-239.04402	-72.13731	18.926922	7728.870649576187
159	213.55327	79.657104	265.80536	-87.17756	168.42972	100.217155	273.04388	-75.44657	288.05884	439.1	794999	71.49132	31.46741	236.6123	-303.20068	-72.186615	18.014206	7768.419078588486
160	137.84108	133.98526	251.08409	-131.06296	176.3225	96.78027	287.17468	7.8461637	510.9	434.7	799999	71.80307	32.305996	242.04628	-385.2164	-72.49727	16.781609	7807.050728321075
161	149.88554	120.52991	267.83508	-125.63243	99.236534	148.99101	257.04636	-112.688484	356.2857	470.5	804999	72.13119	32.914616	237.2017	-277.839	-72.82685	17.44283	7848.835723638535
162	211.4167	74.78261	270.48285	-8.281275	144.28421	123.49567	258.33914	-16.801851	413.41666	195.3	809999	72.22868	33.488247	237.79951	-316.84335	-72.92437	17.33555	7885.963774204254
163	174.39342	118.7565	263.09842	-56.82034	193.61226	52.006973	294.86575	126.97346	322.92307	540.6	814999	71.26686	32.707508	229.95624	-331.4278	-71.9022	21.038982	7930.19620680809
164	182.86264	110.403076	266.00208	-74.73065	63.513298	154.13382	263.3925	-177.12596	443.15384	423.8	819999	69.38697	30.830484	230.45148	-342.72415	-69.96998	20.01033	7971.229603052139
165	176.29485	101.87702	267.61536	-63.415565	70.19459	136.78175	259.30246	-95.34777	416.5	270.1	824999	67.44438	28.574268	223.20952	-456.22977	-68.01427	18.841156	8011.911842823029
166	82.33927	143.21584	267.79465	-222.62305	43.043377	159.43683	262.85968	-161.27356	293.35294	284.4	829999	66.14282	26.732773	219.02628	-306.8592	-66.70804	19.332458	8051.193665266037
167	103.750984	145.77391	277.21762	-165.00406	68.5093	125.63836	258.7278	-66.441315	231.86363	261.2	834999	65.250885	25.94682	224.54037	-244.62305	-65.810875	19.734655	8088.524194955826
168	147.40381	97.56363	272.38644	-30.932495	196.17253	67.49462	238.2053	-2.7469373	261.3684	252.9	839999	65.04613	26.734919	212.92966	-256.51883	-65.63625	18.30675	8126.9386212825775
169	112.822876	123.50174	276.17413	-62.508522	189.50949	91.38056	273.81564	-59.922264	279.82352	434.1	844999	65.933205	27.78312	206.51387	-291.75385	-66.5583	19.867191	8166.253626346588
170	148.70375	136.5879	266.15015	-151.84163	179.4324	48.41834	251.28484	94.86787	402.83334	596.9	849999	66.66662	28.764105	204.17111	-289.87888	-67.32538	18.127	8209.587310314178
171	175.46587	89.388	266.21442	-15.810598	191.02846	90.5506	264.3307	-10.106311	319.25	178.6	854999	67.57114	30.496555	207.1524	-269.58807	-68.1896	19.02563	8245.172897338867
172	170.85948	134.35931	272.3864	-203.75041	206.83667	75.31785	279.58597	-1.9872415	247.7	323.5	859999	66.81031	31.67848	208.30069	-290.51376	-67.412575	18.483057	8282.264544725418
173	111.99712	151.05069	257.46878	-191.6368	175.49722	108.68259	236.99152	-131.21193	379.07693	342.2	864999	67.20241	31.70574	208.74785	-267.96436	-67.87331	19.128323	8320.162363290787
174	54.07301	262.18228	289.41272	-489.8172	134.37665	198.855	284.17715	-263.7733	330.4375	278.3	869999	67.96763	30.832699	206.52165	-290.18533	-68.636116	18.305285	8357.126334190369
175	90.90548	239.69714	278.37885	-544.4744	79.131546	170.9056	253.95717	-304.946	428.9091	421.5	874999	68.30195	29.903006	197.21587	-333.03763	-68.965576	20.924376	8396.991541862488
176	153.98318	175.4176	283.2229	-313.19638	29.991064	260.93112	286.28232	-371.1665	282.21054	249.8	879999	68.809395	29.139145	222.55887	-264.96658	-69.47901	19.392214	8433.454246520996
177	106.99982	169.1332	276.01193	-186.93326	151.45125	117.2848	291.96426	-67.32047	350.0	520.7	884999	69.65156	29.168968	235.77882	-341.62985	-70.31166	19.443672	8474.370879173279
178	205.60913	86.08206	298.1072	-19.920488	195.86919	100.44221	284.71487	-81.049774	432.33334	504.5	889999	70.230865	29.510479	226.38065	-378.46698	-70.947624	18.562988	8516.68693780899
179	255.98296	25.85263	281.47217	184.40582	149.03052	106.037476	284.8238	-10.559952	416.5	420.9	894999	71.21255	29.454308	203.48058	-359.95547	-71.87516	18.244406	8554.718291282654
180	134.88239	112.965034	275.0777	-6.407067	179.80574	90.40012	278.06393	21.206476	229.52632	407.8	899999	71.17838	29.544302	197.04366	-316.68393	-71.82507	18.196493	8592.618111133575
181	195.86656	93.349754	291.45895	-4.7169485	161.58432	136.2629	258.3706	-175.94572	323.0	292.4	904999	71.25772	30.396088	200.16463	-360.1703	-71.91602	17.820284	8628.876627445221
182	221.55353	72.31229	279.1974	44.31679	130.0777	117.84691	271.85263	-3.8466032	430.66666	297.3	909999	71.45271	30.688974	209.69852	-304.47382	-72.09734	18.786232	8667.147101163864
183	127.86009	119.1765	284.33612	-25.532585	170.67026	109.96261	283.86246	-11.001437	255.94444	246.4	914999	71.44394	31.142046	217.30075	-440.58923	-72.110115	17.83354	8703.507929801941
184	194.24767	101.168045	288.76788	-13.658796	67.30751	57.02467	165.76363	7.722756	458.72726	366.3	919999	71.79803	30.900482	216.75851	-426.4243	-72.4679	18.177616	8742.138110876083
185	150.60078	119.710335	282.66974	-9.036014	113.44554	112.853806	275.10138	-40.610935	344.8	224.8	924999	72.21777	30.498741	211.7183	-420.66537	-72.88099	18.892807	8779.323036193848
186	98.65112	126.045944	289.49527	-105.041016	134.75931	79.33633	258.2008	-14.654375	453.1	748.4	929999	71.72655	30.413147	205.00699	-458.70508	-72.36684	18.554438	8826.186183929443
187	170.56831	94.475876	281.80338	12.7911005	71.49857	91.2186	174.95778	-73.21532	443.41666	912.2	934999	72.03657	30.32886	204.00026	-448.58817	-72.70872	18.732628	8873.889357089996
188	73.57115	98.965256	266.59952	-42.54352	140.26619	83.74621	238.63757	-3.781617	294.66666	489.7	939999	72.250656	30.238377	205.88066	-345.82562	-72.9341	19.796223	8913.82111287117
189	153.73036	115.21693	282.7733	-31.183552	124.91545	114.98403	265.99643	-32.669327	413.7857	309.8	944999	73.021225	30.66605	213.6414	-357.42566	-73.73166	19.252815	8951.9706594944
190	185.6906	126.23782	280.76898	-101.95603	173.95886	88.18987	274.00748	-29.86779	442.18182	503.7	949999	73.921555	31.803017	223.61177	-386.92957	-74.64019	19.192434	8992.05162191391
191	165.35129	104.00563	272.43976	-18.774467	137.0134	115.357925	240.63376	-103.069565	194.24	333.0	954999	74.225525	31.771969	230.64513	-372.33936	-74.898415	19.466326	9029.071313858032
192	150.10391	108.66333	276.76392	-3.2573833	122.82228	120.05241	260.77396	-89.6533	274.10526	325.3	959999	72.51892	30.195086	236.14851	-282.0348	-73.0973	20.102695	9066.345527172089
193	127.855835	113.66346	285.00583	-40.147938	74.98763	148.25748	268.4444	-218.734	240.4	315.9	964999	70.08264	28.612864	224.71982	-316.64615	-70.63691	19.263391	9105.193967819214
194	139.93579	100.29868	255.11131	-4.7884684	177.64262	92.41918	269.36652	-36.834713	346.66666	535.0	969999	68.43812	28.280495	225.7254	-315.00647	-68.979965	20.587616	9144.558563947678
195	161.035	116.98424	286.01147	-93.22142	155.05116	105.293304	266.34778	-14.457471	244.19048	250.0	974999	67.88339	28.382254	222.57155	-320.05365	-68.48508	20.65279	9181.539786100388
196	109.98584	111.39077	256.33908	-28.950516	173.0914	105.53648	269.3906	11.642699	287.9375	287.0	979999	68.2486	29.28552	234.91719	-338.24927	-68.84933	20.363165	9221.211682319641
197	165.96585	95.02753	264.51334	9.27633	170.14638	108.35666	266.2849	-34.26511	380.07144	197.0	984999	68.8946	29.842155	233.29436	-448.34897	-69.52294	20.91325	9259.069349527359
198	139.00475	119.532486	282.91476	-121.14401	166.59036	105.43864	268.70847	-11.815041	245.8	380.7	989999	69.51302	30.895775	232.96361	-390.62735	-70.177956	20.862902	9297.083727836609
199	184.66791	95.711426	278.14816	-1.29741	204.57956	103.6907	298.85883	-33.30882	338.13333	252.0	994999	71.13634	31.60573	243.30019	-403.3198	-71.84459	21.545004	9334.547830820084
200	212.64038	72.981415	302.14157	27.79307	209.57617	102.7187	312.161	-26.168652	352.08334	460.9	999999	72.86113	31.813768	228.95924	-353.2799	-73.59748	21.436413	9378.465244531631
201	173.4042	106.82494	298.18295	10.417762	137.77736	151.97916	293.21796	-156.33147	373.14285	264.6	1004999	74.17497	31.653812	229.72551	-332.24982	-74.88263	21.878035	9416.579212665558
202	143.16267	155.429	281.6297	-194.63776	161.7636	160.1567	277.08347	-174.22292	387.14285	259.6	1009999	74.43593	31.295424	206.80457	-330.42905	-75.109116	23.118782	9453.648423433304
203	123.64868	128.52605	299.49194	-119.84536	97.739265	146.12682	271.07846	-153.47737	175.26666	322.2	1014999	73.916725	31.102335	208.00523	-351.26236	-74.54756	20.035013	9489.690583229065
204	224.88306	45.60711	251.56018	133.80937	62.810997	191.7199	266.02243	-253.87366	811.4	348.7	1019999	72.71726	30.233063	205.22426	-358.81564	-73.277374	20.237072	9529.955563306808
205	-8.3171215	196.40076	290.60947	-515.0423	113.0172	100.68767	222.8215	-62.956345	270.7	491.0	1024999	70.35215	28.89387	207.18184	-321.9185	-70.85068	19.516907	9571.154658794403
206	122.9915	130.7357	267.12994	-101.696365	237.83542	56.957756	279.53793	76.651855	310.2353	285.5	1029999	68.826965	28.510176	204.90381	-307.21277	-69.35988	19.243334	9609.102298736572
207	138.50848	115.49976	281.72485	-59.43466	212.33835	81.081535	264.33185	-13.32232	270.4737	404.9	1034999	68.11113	28.454075	205.3853	-366.83035	-68.63591	20.72668	9647.683646202087
208	163.77283	107.83521	285.1176	-11.373628	119.45793	100.40384	269.35645	1.3566048	264.94736	263.4	1039999	67.319176	28.451889	202.77281	-498.08356	-67.84327	19.711832	9684.966015815735
209	153.22888	104.359764	273.7713	19.746786	156.22379	127.66409	283.6872	-68.98146	294.8125	499.8	1044999	66.62366	28.128048	201.62715	-282.7339	-67.115814	19.866772	9730.815320253372
210	105.86843	118.38379	239.35313	-80.48436	91.76298	128.89996	254.33662	-48.161224	453.7	631.9	1049999	65.19526	27.32276	192.99576	-368.6228	-65.66564	19.73631	9790.688156366348
211	66.907394	133.93141	248.74695	-142.4262	75.18175	107.39596	258.61438	-38.920654	698.125	801.6	1054999	64.38536	26.750467	200.27121	-316.94403	-64.880486	20.555994	9853.261819124222
212	18.017223	116.000885	233.22458	-129.52945	29.590206	137.4779	246.85713	-154.99117	515.2222	637.7	1059999	64.15112	26.824856	192.99245	-376.91165	-64.63334	19.746584	9913.034507989883
213	179.7698	95.58208	282.3292	-41.224274	37.264633	98.0716	261.89807	-60.82584	425.07693	739.2	1064999	63.825413	27.169073	208.17577	-310.58203	-64.31881	20.896431	9968.67252445221
214	95.80303	131.34738	266.3366	-42.532562	42.847664	135.2697	282.485	-91.11432	750.5	665.2	1069999	63.918793	27.45755	243.69359	-386.93488	-64.39944	20.330078	10031.88019490242
215	75.41259	122.95202	259.81284	-71.85714	139.31247	141.13881	283.11288	-75.88961	498.9091	603.3	1074999	63.979584	28.269278	252.6781	-616.3961	-64.46528	20.822275	10086.98404955864
216	89.01772	128.33177	264.31638	-75.20279	96.14982	156.68517	301.96716	-80.33402	426.45456	643.5	1079999	63.883896	28.701792	242.0379	-366.73566	-64.3764	20.553076	10142.438799858093
217	60.221947	125.1145	276.8075	-53.132126	102.87142	130.45886	289.59412	-54.15675	618.25	485.7	1084999	64.02328	28.83572	228.53532	-475.31448	-64.519714	20.003822	10195.375517845154
218	118.77961	116.8245	274.6365	-54.374855	51.24705	114.850685	269.4397	-77.53336	548.7778	759.8	1089999	63.940353	28.95773	217.40709	-588.92303	-64.430374	22.195612	10252.647146940231
219	157.181	111.36755	293.37085	-11.096703	196.68884	115.7507	290.257	-80.070435	390.07693	499.8	1094999	63.54826	28.82558	210.02489	-513.834	-64.00975	21.519907	10296.263476371765
220	124.11412	119.632225	296.02832	-24.4158	172.22699	65.03798	241.69814	40.061947	411.69232	547.9	1099999	62.695812	28.581537	203.6788	-428.60788	-63.16505	19.652723	10341.990865468979
221	142.50015	124.40511	285.73572	-69.491005	14.676687	107.687584	232.26701	-95.009	540.5	914.2	1104999	62.145756	28.852453	202.559	-479.565	-62.594227	20.075119	10399.65294623375
222	168.05205	103.99878	256.96887	1.4226403	133.3954	93.484406	257.5292	-4.271474	441.63635	368.2	1109999	61.18406	29.073797	206.67543	-479.73703	-61.618412	20.850554	10440.601836681366
223	105.05838	116.85197	270.22943	-55.249424	208.25046	66.53089	264.55368	25.58529	679.75	493.4	1114999	60.154873	29.001923	208.15723	-462.73236	-60.59046	22.060823	10487.036132335663
224	174.56354	94.321236	294.46783	-13.501655	188.78206	97.13235	291.8284	-9.511399	321.17648	341.7	1119999	59.92036	28.638662	201.7341	-405.5809	-60.379906	21.025381	10526.88482952118
225	208.32198	68.63522	285.6514	45.47804	189.45183	67.47927	283.07672	52.715275	530.3333	725.5	1124999	60.118595	28.029408	212.29393	-501.31113	-60.57005	22.568415	10572.835688591003
226	140.41765	111.1093	257.61282	-49.614014	205.71994	78.643295	275.33124	8.064627	633.875	401.1	1129999	60.262196	27.399117	215.19345	-496.51096	-60.703194	21.87357	10616.93573307991
227	226.19939	51.6906	291.86478	141.94879	161.00676	48.349735	240.63588	69.5496	490.4	665.6	1134999	60.49266	26.99049	221.47578	-572.91064	-60.92065	21.319193	10664.523293495178
228	167.79088	120.418015	290.4311	-54.894314	243.58289	20.037064	267.3851	211.872	544.0	257.4	1139999	60.255	27.154856	247.03967	-630.1769	-60.67945	22.26864	10705.886041641235
229	230.13799	49.551003	295.14447	134.98717	154.9892	87.51844	237.94157	-9.132635	535.0	340.5	1144999	60.19577	27.075882	236.85652	-721.4841	-60.623806	22.41736	10746.28473830223
230	226.20392	30.25803	275.1478	160.48482	170.67007	82.97681	266.72177	22.169361	429.45456	486.9	1149999	60.935093	27.170313	230.89453	-560.76794	-61.3875	20.959845	10786.150240659714
231	174.12521	111.684784	295.21622	-12.498905	101.72148	100.96097	232.42354	-33.661957	366.7143	306.7	1154999	61.891872	27.363153	265.51694	-574.318	-62.34701	21.550232	10825.79649567604
232	107.30995	102.926384	252.38806	-26.01076	163.70068	104.3762	249.65236	-56.413265	260.375	285.4	1159999	62.13371	27.31374	289.59372	-508.55838	-62.54795	21.061302	10864.346323490143
233	62.902775	102.95854	239.52798	-148.53725	106.91548	127.58408	269.0424	-38.43066	171.23529	345.7	1164999	61.584366	28.188206	282.63977	-475.41016	-61.981377	22.694305	10900.877021312714
234	138.09065	105.77214	278.3201	-36.665443	169.38528	91.1229	261.93832	-11.207848	281.66666	410.0	1169999	61.04213	28.750832	239.04263	-461.61893	-61.438713	21.096935	10941.292356967926
235	208.19432	71.285904	270.3095	-13.791581	217.32451	44.73984	279.00925	108.12142	374.75	442.7	1174999	60.446144	28.904778	224.10368	-617.2721	-60.797512	21.997297	10982.47451043129
236	161.32158	106.59397	266.31625	-60.27345	116.26045	75.72135	212.57246	-43.98704	495.8	783.1	1179999	59.26598	29.066973	226.93123	-637.86487	-59.63703	24.417856	11031.127465248108
237	144.47609	100.34656	274.8477	-14.426986	131.3916	119.13117	283.2461	-21.56726	376.0	306.4	1184999	60.000233	29.208792	279.7855	-642.1024	-60.41942	22.0583	11072.325514793396
238	74.40499	106.520874	291.66452	-34.528694	133.98822	95.82261	269.61838	0.57850975	282.82352	388.3	1189999	61.21548	29.688951	249.18773	-416.8974	-61.675568	22.087118	11111.373547315598
239	118.75139	114.90908	288.60046	-25.213314	118.746506	126.5841	268.19034	-35.67454	323.625	206.7	1194999	62.65604	29.834887	237.85683	-483.19757	-63.1086	21.779234	11147.487244844437
240	144.18571	104.25976	277.0119	-33.353237	118.91306	129.14746	292.52084	-17.93113	330.4	225.9	1199999	62.874634	29.982738	220.29167	-448.9503	-63.28588	21.112394	11184.935019254684
241	35.967022	124.371086	255.51512	-177.85953	138.51242	157.56015	288.3635	-208.08226	193.76923	290.2	1204999	62.68437	30.661268	197.76588	-903.0215	-63.10705	22.305172	11221.032082796097
242	36.544334	132.31493	266.98776	-201.45592	83.44864	110.09471	247.64227	-31.552973	224.31818	197.8	1209999	63.448025	31.736397	203.00204	-474.13104	-63.891186	21.978117	11254.694653272629
243	158.99213	107.06575	277.07312	-36.892727	104.69662	140.45728	266.28677	-155.93707	266.6316	269.1	1214999	63.72382	32.994614	204.03691	-862.3342	-64.18962	25.201284	11289.555238485336
244	148.56468	106.05886	283.08682	-14.771291	181.8988	89.44646	263.28583	-30.90021	289.4	485.7	1219999	64.36996	33.294254	206.16843	-771.8477	-64.837265	24.060547	11329.123203992844
245	115.85303	129.6421	271.5356	-99.48314	124.20221	109.77044	244.54842	-28.216824	331.73334	218.8	1224999	64.59446	33.119373	200.87952	-591.0975	-65.054886	22.254818	11366.837505102158
246	109.66279	120.035286	292.7807	-67.89777	81.75731	123.85061	272.46368	-46.400234	373.73334	547.9	1229999	64.533585	32.406933	197.47176	-387.18915	-65.01774	22.998232	11411.606780290604
247	52.33469	114.93633	265.70245	-47.758373	73.42014	116.161194	285.21753	-47.815186	275.33334	503.4	1234999	64.6344	32.22299	190.44992	-545.43414	-65.085175	23.696682	11450.586078882217
248	55.06514	114.17316	264.04007	-92.67916	28.01925	129.41776	289.54065	-73.46524	226.04546	322.9	1239999	64.342705	31.321503	189.39229	-408.87292	-64.80384	24.37969	11486.583838224411
249	86.187515	123.27162	272.07443	-69.956764	169.97342	84.50533	255.52264	-56.834026	328.14285	542.2	1244999	63.86496	30.38741	182.91768	-545.2473	-64.28714	23.60693	11529.50152349472
250	112.877754	115.80564	258.7713	-58.504574	101.67902	120.511246	274.61322	-34.45332	370.73334	339.6	1249999	62.88504	29.975203	176.69884	-311.71805	-63.290333	22.473253	11570.198095083237
251	148.64545	100.34858	268.6042	-87.31637	148.40317	89.99097	251.22917	-66.262726	381.69232	533.7	1254999	62.60965	29.530857	174.25774	-415.1961	-63.043633	23.309631	11613.498113155365
252	142.25336	92.87923	266.03683	-31.278687	152.87978	70.78947	272.6579	64.573494	375.0	683.8	1259999	61.852158	29.05684	174.43373	-340.4631	-62.2287	24.159756	11659.065249681473
253	205.32657	44.713535	283.44714	130.14113	163.07388	61.807137	209.46599	-6.2788534	365.23077	445.1	1264999	60.763348	28.82394	177.27039	-553.10535	-61.138973	23.460241	11699.230453491211
254	177.42111	72.20295	246.22871	-33.373566	105.21779	97.98938	216.70203	-42.134884	349.73334	262.5	1269999	60.23958	28.34935	176.44365	-696.9396	-60.64779	24.28663	11737.278281927109
255	107.778145	92.55425	230.03961	-19.173233	109.28194	115.879395	245.44101	-27.000439	468.27274	198.1	1274999	60.831367	28.090641	174.80856	-346.1943	-61.24175	23.639187	11775.193276166916
256	169.13559	92.71976	248.34367	-32.64129	116.32072	107.497505	248.80597	-17.188074	434.0909	317.3	1279999	61.42082	27.94298	172.09729	-515.7028	-61.84283	23.613575	11815.224676847458
257	159.58162	94.91488	252.9069	-4.5321417	165.52571	65.85566	234.35184	13.656322	342.4	517.0	1284999	61.80101	27.609386	172.99649	-304.63165	-62.191063	22.47341	11857.473881959915
258	168.61076	83.04542	265.68292	1.764381	102.602356	102.62944	248.6295	-15.245293	395.16666	310.0	1289999	61.57482	28.084906	174.25781	-646.81244	-61.957756	23.709335	11898.122816324234
259	123.2799	106.30117	283.0248	-36.043842	148.65686	137.27147	266.66296	-78.77419	312.70587	576.9	1294999	61.398792	28.419888	171.01968	-488.93356	-61.79941	24.364985	11944.056822061539
260	132.97447	93.18493	254.77275	-8.449121	130.53046	88.23363	255.08759	-23.429125	451.0	468.6	1299999	61.859936	29.102524	172.1325	-988.98047	-62.2791	24.853428	11988.948520421982
261	122.30337	112.337654	293.8419	-18.138037	190.66975	83.806274	261.84116	22.69641	264.94736	512.4	1304999	62.07698	29.182516	174.71027	-804.4455	-62.4713	25.280943	12029.856105327606
262	91.4352	111.11546	266.32504	-43.68803	128.33066	111.67018	260.993	-9.883391	252.9	208.1	1309999	61.777615	29.226967	171.55771	-676.40924	-62.153214	25.374306	12066.30335187912
263	104.99241	111.43462	290.1954	0.21208145	129.32597	100.587524	238.4559	7.4668307	176.78572	211.0	1314999	62.43658	29.201342	175.54735	-630.1933	-62.888462	23.413525	12101.75033402443
264	117.718185	112.99059	273.52618	-14.183528	185.43524	99.10903	281.36746	9.780644	209.95653	347.2	1319999	63.26155	29.928976	176.67831	-537.9773	-63.655712	24.678026	12140.314913749695
265	116.37844	109.29405	273.23108	-0.09250247	154.25673	105.72183	245.64832	-53.514866	262.8421	337.0	1324999	63.296394	30.729116	179.24324	-378.53207	-63.7056	24.651484	12179.996499061584
266	145.27269	115.10533	290.29373	-32.443855	101.93089	115.458015	249.03723	-42.492245	491.22223	408.7	1329999	63.28134	30.37996	178.04071	-352.63104	-63.695	23.626827	12224.246711015701
267	92.16113	129.98949	248.1261	-84.92071	77.51758	107.725365	225.3194	-86.27369	547.1	756.6	1334999	62.62674	29.181324	178.27124	-464.60648	-62.997864	24.366053	12278.11717247963
268	187.3834	113.19141	273.00754	-55.727783	200.89885	86.27314	300.8072	-3.775765	592.6667	341.2	1339999	61.96096	28.755877	198.11136	-639.46204	-62.33861	25.149916	12324.601815700531
269	191.81941	54.830612	246.30217	110.67696	128.88495	113.73535	269.2214	-62.918007	557.2222	584.6	1344999	61.542397	28.851374	185.52269	-478.66055	-61.9221	24.929941	12372.503148794174
270	161.96906	80.54622	244.94922	-15.747452	142.44449	96.31426	212.71033	-50.46973	543.1111	466.2	1349999	61.21709	29.270868	220.58206	-379.16812	-61.579655	25.013668	12417.9705991745
271	112.30771	109.97282	277.31094	-21.850758	147.6463	102.286964	283.40686	-12.9971285	370.58334	434.2	1354999	60.93621	29.388943	215.13945	-349.2863	-61.311577	24.298428	12465.155072450638
272	89.98251	140.47011	263.6012	-135.41693	143.80736	100.37842	259.07617	-6.3472853	509.0	356.7	1359999	60.842113	29.04159	247.53734	-420.90463	-61.209637	24.380398	12512.43971824646
273	158.83395	125.97561	266.35403	-154.45059	161.0867	54.24639	223.32327	26.54878	631.125	668.5	1364999	60.312073	29.072683	223.16171	-604.9792	-60.67629	25.794981	12562.92557835579
274	185.4835	68.594246	258.91473	-0.76558614	153.12416	63.006523	231.06645	22.67193	406.91666	506.5	1369999	59.598057	28.989382	231.94055	-569.59845	-59.94546	23.395319	12606.075397491455
275	210.30037	94.99977	286.82608	-9.611178	197.6597	71.634186	284.39594	61.085693	360.91666	526.9	1374999	59.38925	29.359816	201.99553	-824.5689	-59.751076	25.036993	12649.127173185349
276	130.80922	74.739586	221.99042	14.762369	85.53014	74.39642	214.31482	-42.28475	644.5	952.2	1379999	59.602318	29.071507	183.96468	-636.7317	-59.96955	24.389704	12706.987926006317
277	73.09971	103.542595	268.17194	-50.19477	5.9410844	98.71663	221.12645	-66.681946	759.1429	905.7	1384999	59.367058	29.056747	204.45859	-411.4254	-59.730217	22.984993	12770.37113404274
278	176.78412	81.547646	248.0496	-31.876486	169.32657	77.610115	263.53165	38.15911	520.2	575.3	1389999	59.790863	28.812214	221.42294	-488.76312	-60.16928	24.245296	12816.722004175186
279	191.39359	66.99613	244.71466	46.358326	202.473	45.476353	257.7376	104.703896	580.875	575.1	1394999	60.24247	29.075197	203.62357	-389.26147	-60.618355	23.244867	12863.542315721512
280	127.32589	126.0497	262.24307	-48.512405	28.375538	99.62879	244.07785	-61.68299	723.8571	767.6	1399999	59.991257	29.725517	200.05469	-498.62247	-60.339188	24.00213	12923.015098571777
281	201.13618	44.77071	260.76382	141.5066	91.474174	124.08443	257.47116	-27.689236	663.875	634.8	1404999	59.669525	29.030668	181.79716	-782.56244	-60.037937	25.01745	12974.315329313278
282	160.32935	77.41897	265.97214	28.810957	177.37222	73.8469	255.49554	43.842106	656.1429	602.0	1409999	59.46257	28.57251	180.1752	-499.1566	-59.819214	24.660337	13025.551016330719
283	137.0954	108.93165	257.3284	-42.737198	131.25894	93.9458	246.07074	10.249185	606.55554	302.9	1414999	59.577736	28.49569	181.39426	-439.2234	-59.948574	23.255657	13070.737891435623
284	146.01564	106.2088	256.9133	-36.08413	125.25194	109.18641	256.11884	-17.323603	417.33334	280.9	1419999	59.467804	28.738987	188.17044	-493.39862	-59.835564	23.943521	13112.684448719025
285	158.44977	82.725334	248.2058	22.15963	137.97316	98.91507	282.07162	-5.9576797	553.2222	434.2	1424999	59.565235	29.445545	188.64925	-468.67447	-59.937714	22.737503	13156.12068939209
286	190.44316	79.02926	257.82434	19.283068	33.00128	139.70715	242.1983	-116.03124	353.57144	760.1	1429999	59.534668	29.848755	186.95895	-456.97806	-59.905537	24.157547	13204.936450242996
287	185.41194	94.2075	263.39035	-27.535227	67.063805	111.65358	243.44978	-101.08976	324.53333	501.1	1434999	59.61257	30.377068	183.55798	-484.05682	-60.002537	23.76205	13250.2367477417
288	188.87956	85.05106	244.75699	-61.445267	139.05148	99.68654	258.8874	-22.604614	331.86667	422.7	1439999	59.504578	30.39318	182.61948	-403.15094	-59.871338	21.853373	13294.853859424591
289	122.13826	131.10147	242.78441	-148.66216	14.499815	165.33769	242.5927	-129.36589	321.7857	731.5	1444999	59.348087	29.927517	213.10051	-474.14752	-59.73837	24.069868	13347.307106018066
290	131.55971	120.10117	287.35248	-111.298645	139.36807	139.33307	262.72604	-84.915726	435.75	394.8	1449999	59.603485	28.865025	192.22745	-509.09094	-59.987877	22.845203	13390.240247011185
291	138.38889	107.07961	260.09442	-94.232124	118.582275	106.37768	246.42393	-26.563604	498.45456	547.0	1454999	59.90318	28.169706	190.60423	-499.0089	-60.299538	22.598663	13432.78921699524
292	160.38734	126.04423	277.10004	-75.762	158.65776	88.4202	239.86194	-62.222794	444.36365	574.7	1459999	60.65263	28.423079	184.42796	-536.34174	-61.032436	22.100006	13475.40600180626
293	193.30783	99.19527	290.22412	-13.379555	224.89636	81.07146	280.1182	8.864229	230.38095	343.0	1464999	60.5411	29.091364	196.06116	-527.39557	-60.902824	22.798012	13512.769973993301
294	198.98036	81.63893	293.87463	13.013277	208.93599	70.59244	261.2675	28.036499	365.14285	428.9	1469999	60.400368	29.588585	205.64389	-551.3283	-60.785362	22.62372	13552.532363653183
295	229.4374	31.756584	273.91635	146.85428	223.19055	30.575758	265.7226	144.74059	399.91666	292.4	1474999	60.585426	30.020409	206.34862	-515.2826	-60.957005	22.430073	13590.767815589905
296	164.82893	106.09669	275.33313	-24.732779	152.64603	93.98106	258.34033	-29.942436	252.80952	382.6	1479999	60.482075	31.273619	206.23799	-584.8342	-60.854336	23.64904	13629.131053209305
297	216.93547	65.49369	283.9963	-1.5537465	181.53618	92.12874	260.22937	8.738391	262.0	376.9	1484999	60.49336	31.920849	208.06705	-545.61224	-60.863674	21.481588	13668.579308748245
298	150.28342	98.97511	252.6379	-41.894318	190.22731	93.71631	265.01645	-79.616234	397.7857	322.0	1489999	60.545914	31.886673	209.80087	-525.4172	-60.94035	22.057634	13707.430000543594
299	117.912155	159.09393	271.19046	-221.66821	-33.948833	216.93341	257.2964	-244.97865	456.0	251.3	1494999	60.733948	31.35288	211.96251	-470.16077	-61.147987	21.831085	13746.243792533875
300	27.323809	165.00185	277.07056	-187.22873	83.1261	171.3645	246.77757	-239.90376	393.83334	380.3	1499999	61.013153	30.942926	213.19891	-448.61917	-61.418507	21.363016	13788.00817990303
