Epoch	AverageEpRet	StdEpRet	MaxEpRet	MinEpRet	AverageTestEpRet	StdTestEpRet	MaxTestEpRet	MinTestEpRet	EpLen	TestEpLen	TotalEnvInteracts	AverageQVals	StdQVals	MaxQVals	MinQVals	LossPi	LossQ	Time
1	-32.80909	1.081496	-31.142822	-34.0229	-0.024691604	0.019265693	-0.0074201664	-0.06621903	999.0	999.0	3999	0.06025082	0.03027596	0.14345182	-0.0541648	-0.093552634	1.3608374e-05	25.758546352386475
2	-33.444565	0.49720997	-32.720947	-34.03066	-0.047224425	0.011475692	-0.019610519	-0.059000175	999.0	999.0	7999	0.044147167	0.031434175	0.095832	-0.07411403	-0.07729645	6.2513e-06	55.85463070869446
3	-40.90233	7.0900984	-33.50005	-49.61481	-0.0380774	0.01405627	-0.02140666	-0.06493624	999.0	999.0	11999	0.028064009	0.031929612	0.077952	-0.08603318	-0.061950255	4.741843e-06	89.93383121490479
4	-46.574627	1.2053334	-45.332474	-47.7874	-0.018178994	0.004636465	-0.0077098417	-0.021983033	999.0	999.0	15999	0.012366279	0.03477712	0.06380986	-0.09123536	-0.04957419	2.8669074e-06	118.1269588470459
5	-47.7451	0.8914697	-46.577694	-48.68061	-0.018009687	0.0056544966	-0.011599886	-0.02788342	999.0	999.0	19999	-7.47486e-05	0.03622157	0.051679973	-0.09857438	-0.03933545	1.6875672e-06	169.74868321418762
6	-46.536804	1.332021	-45.203808	-48.75256	-0.046953127	0.0059229764	-0.038948346	-0.05579672	999.0	999.0	23999	-0.008827765	0.036862426	0.043322887	-0.105415516	-0.032068353	1.298808e-06	199.01434683799744
7	-46.63132	0.98327464	-45.205566	-47.964157	-0.02011816	0.009718702	-0.011691603	-0.038270947	999.0	999.0	27999	-0.014475787	0.037294764	0.037476055	-0.11350468	-0.027349407	1.059415e-06	230.23796153068542
8	-47.712322	1.0962853	-46.38212	-49.224365	-0.010189627	0.005835859	-0.0023051233	-0.017553141	999.0	999.0	31999	-0.01751903	0.03758511	0.035839014	-0.107116066	-0.025082672	9.280705e-07	259.8152289390564
9	-48.249165	1.0038972	-47.41468	-49.961517	-0.08675035	0.00069787516	-0.08620568	-0.08878267	999.0	999.0	35999	-0.01970528	0.037920866	0.030685475	-0.10727997	-0.023626259	7.018061e-07	289.49313020706177
10	-46.45295	0.9681488	-44.86973	-47.486874	-0.047152255	0.0065144356	-0.040816937	-0.062077694	999.0	999.0	39999	-0.021729583	0.038098406	0.030885797	-0.10342097	-0.022015551	6.915432e-07	319.6240088939667
11	-48.27737	1.1998812	-47.096893	-49.95406	-0.0021650135	0.0015180075	-0.00059491483	-0.0050281337	999.0	999.0	43999	-0.022988135	0.038295638	0.0387066	-0.11281759	-0.021121703	6.4751214e-07	356.85428071022034
12	-47.499397	0.87207437	-46.18334	-48.581917	-0.049202617	0.028814547	-0.007926998	-0.09352305	999.0	999.0	47999	-0.023037843	0.0385257	0.03954328	-0.11796367	-0.021515453	7.5400703e-07	383.23158979415894
13	-47.559708	0.9284508	-46.58535	-48.58878	-0.06783347	0.009696336	-0.05257373	-0.07887973	999.0	999.0	51999	-0.02310784	0.03871154	0.036192395	-0.11842199	-0.021694599	8.20187e-07	412.16077065467834
14	-46.8555	1.5092049	-45.344254	-49.07798	-0.023919743	0.027574604	-0.003908717	-0.09898767	999.0	999.0	55999	-0.023796637	0.03899924	0.045627188	-0.11330737	-0.021257548	9.205187e-07	440.98338174819946
15	-47.123074	0.76266813	-46.197586	-48.31982	-0.10326216	0.007088753	-0.094897404	-0.111647025	999.0	999.0	59999	-0.02415504	0.039226387	0.046848442	-0.12441765	-0.020889537	9.67215e-07	467.0896997451782
16	-47.22411	0.46839315	-46.605656	-47.861767	-0.061044086	0.027069047	-0.031590864	-0.10449565	999.0	999.0	63999	-0.027174408	0.039068058	0.040994696	-0.13461247	-0.017974937	6.779687e-07	494.10575461387634
17	-48.426697	0.90525365	-47.41237	-49.74966	-0.05855127	0.014858098	-0.039908733	-0.092668265	999.0	999.0	67999	-0.029941944	0.038995236	0.032438733	-0.1344167	-0.015404151	5.8234326e-07	521.9085302352905
18	-46.650013	0.7293295	-45.40149	-47.237118	-0.03972566	0.00086819957	-0.037940696	-0.04087408	999.0	999.0	71999	-0.032266382	0.038931325	0.026969016	-0.12000599	-0.013093184	4.045448e-07	550.201370716095
19	-46.684193	1.7822332	-44.47357	-48.907085	-0.042565785	0.015552704	-0.0037824358	-0.053123057	999.0	999.0	75999	-0.03402692	0.038889244	0.019657968	-0.10581259	-0.011436435	3.1969003e-07	577.6149125099182
20	-47.39149	0.7910158	-46.48075	-48.619495	-0.068385825	0.0026435473	-0.062171835	-0.07089255	999.0	999.0	79999	-0.03523044	0.038929254	0.016857475	-0.11006912	-0.01037503	2.9177085e-07	616.7045619487762
21	-47.63499	1.662625	-45.335114	-49.436398	-0.063410655	0.0016073792	-0.061622083	-0.06608038	999.0	999.0	83999	-0.035175253	0.039026804	0.017500982	-0.11205061	-0.010580955	2.9531466e-07	646.0927619934082
22	-47.35267	0.97036695	-46.17969	-48.722427	-0.045089595	0.0016925717	-0.043624565	-0.0481845	999.0	999.0	87999	-0.03466161	0.039139472	0.018692495	-0.115574926	-0.011325898	2.6734662e-07	674.2575550079346
23	-46.732418	0.9742193	-45.616585	-48.208843	-0.052566778	0.003051662	-0.049131896	-0.057285678	999.0	999.0	91999	-0.033989925	0.03909207	0.019271744	-0.11513538	-0.011865406	3.1680193e-07	702.3506076335907
24	-47.93735	0.54912543	-47.011585	-48.437706	-0.06679213	0.0016820641	-0.06524848	-0.07067869	999.0	999.0	95999	-0.034067947	0.039112497	0.023475448	-0.10412822	-0.01180927	2.9035897e-07	729.5980541706085
25	-47.623795	1.3604261	-45.890526	-49.322765	-0.07936287	0.002453458	-0.07696902	-0.08526042	999.0	999.0	99999	-0.03496929	0.039201107	0.021936633	-0.09922325	-0.010965181	2.5421383e-07	756.8347401618958
26	-47.254517	0.85623413	-46.24053	-48.501484	-0.07237896	0.00430163	-0.06719712	-0.077477306	999.0	999.0	103999	-0.035992626	0.039155412	0.020084808	-0.09825985	-0.01009696	2.0707881e-07	784.3309845924377
27	-47.983498	1.4897282	-46.4861	-49.582527	-0.07603065	0.0028479965	-0.07319154	-0.081877194	999.0	999.0	107999	-0.036539014	0.039178837	0.016123457	-0.09755857	-0.009612009	1.8025769e-07	812.1465783119202
28	-47.500324	0.4745031	-46.70609	-47.91004	-0.04085408	0.0017366789	-0.03908474	-0.04445129	999.0	999.0	111999	-0.03683663	0.03918501	0.015414861	-0.096890256	-0.0094279675	1.7626988e-07	845.9387791156769
29	-47.579933	0.8075388	-46.508007	-48.651485	-0.015544182	0.0022653446	-0.013391582	-0.020415127	999.0	999.0	115999	-0.0368273	0.039213985	0.012774896	-0.10032802	-0.009484704	1.6950787e-07	880.8008072376251
30	-47.57113	1.6704655	-45.8623	-50.335293	-0.002267335	0.0017804732	-0.0007366721	-0.006146009	999.0	999.0	119999	-0.0365242	0.03918934	0.0127799865	-0.1016502	-0.009803335	1.6560863e-07	914.946649312973
31	-47.13317	0.70266813	-46.578354	-48.301342	-0.0016101301	0.0008198871	-0.0008710078	-0.0034721433	999.0	999.0	123999	-0.035944458	0.039210156	0.014109946	-0.10010257	-0.010439797	1.7387094e-07	953.5101697444916
32	-46.597694	1.0742779	-45.379993	-47.71395	-0.003889655	0.0009179485	-0.0028631312	-0.0056807254	999.0	999.0	127999	-0.035364248	0.039249294	0.014033835	-0.10023312	-0.011130266	1.8077463e-07	993.4793314933777
33	-46.773674	0.6156388	-45.714436	-47.24074	-0.004563203	0.0006381574	-0.004135162	-0.00607121	999.0	999.0	131999	-0.03476906	0.039244812	0.01800711	-0.09684676	-0.011672435	1.8794923e-07	1028.840299129486
34	-47.673824	0.60078514	-46.870113	-48.526775	-0.0012694321	0.00048388875	-0.0007507871	-0.0024052542	999.0	999.0	135999	-0.03428858	0.039217453	0.0168637	-0.09660497	-0.012159382	1.9137528e-07	1064.4038398265839
35	-46.920254	1.5287193	-44.32889	-48.195065	-0.003001437	0.00025601077	-0.0027079845	-0.0033833664	999.0	999.0	139999	-0.033959646	0.039268848	0.015515546	-0.09469815	-0.012471793	2.0744297e-07	1099.5504841804504
36	-46.28292	0.74268675	-45.371933	-47.173725	-0.0007042115	0.00043492691	-0.00022209162	-0.00174925	999.0	999.0	143999	-0.033676963	0.039247252	0.015724435	-0.09411421	-0.012752656	1.919044e-07	1133.2469651699066
37	-46.45095	0.69849753	-45.34923	-47.254677	-0.0011077023	0.0003649454	-0.00067373837	-0.0019397094	999.0	999.0	147999	-0.033634838	0.039301105	0.015369447	-0.09425029	-0.012927342	1.9434339e-07	1164.3914988040924
38	-22.47039	43.57026	52.975708	-48.930923	-0.064526096	0.00011210193	-0.06431962	-0.06477402	998.0	999.0	151999	-0.033245582	0.039328963	0.027535941	-0.114678845	-0.01333429	0.019525515	1197.8545589447021
39	-47.549175	1.46237	-45.116238	-49.003937	-0.30315405	0.0030775939	-0.29729366	-0.30786335	999.0	999.0	155999	-0.022389082	0.04032356	0.1115493	-0.13058655	-0.024357777	0.058570508	1227.545562028885
40	-46.332363	1.2085582	-44.831913	-48.200665	-0.46304145	0.0018844217	-0.46173033	-0.46793827	999.0	999.0	159999	-0.006780428	0.0412129	0.2464001	-0.117832035	-0.03980432	0.0778736	1254.9552924633026
41	-48.52681	1.1701292	-47.177452	-49.971836	-0.43681988	0.0034153073	-0.43437213	-0.44590855	999.0	999.0	163999	0.0011016311	0.043028373	0.46251556	-0.13024805	-0.048243564	0.03885424	1282.6305770874023
42	-47.20018	0.9162494	-45.83076	-48.384117	-0.8376123	0.05416112	-0.76752645	-0.9303329	999.0	999.0	167999	0.026236456	0.05646796	1.5312679	-0.1655122	-0.074296035	0.11531886	1313.7116250991821
43	-46.762394	1.6357142	-44.544342	-49.16342	-0.83975947	0.016236637	-0.8194979	-0.8619349	999.0	999.0	171999	0.028192557	0.068856135	1.5511471	-0.17073882	-0.074614614	2.7958504e-05	1341.0884597301483
44	-46.82	0.5930983	-45.9117	-47.57038	-0.79688823	0.005465088	-0.7909278	-0.80696267	999.0	999.0	175999	0.03524896	0.06571164	1.8739421	-0.32331148	-0.083931796	0.019122923	1374.0067598819733
45	-47.27253	1.3197803	-45.618057	-49.246834	-0.07086757	0.0049357386	-0.06611498	-0.08206746	999.0	999.0	179999	0.073273264	0.08964091	3.0924263	-0.23145998	-0.1226098	0.075077504	1403.4535067081451
46	-47.77646	0.53554237	-46.849007	-48.09842	-0.5332285	0.001446731	-0.5306678	-0.5362586	999.0	999.0	183999	0.10787147	0.13312739	4.5470967	-0.23489839	-0.15718701	0.072902806	1432.4317424297333
47	-47.66797	0.87114793	-46.69745	-48.666866	-0.2204881	0.014781543	-0.21053994	-0.2594486	999.0	999.0	187999	0.12586237	0.17407182	6.9742856	-0.30239236	-0.174406	0.08749452	1461.8804993629456
48	-48.223286	1.7383684	-46.415268	-49.96297	-0.8357078	0.005260543	-0.8278597	-0.8425277	999.0	999.0	191999	0.12972459	0.2596559	9.602576	-0.6927808	-0.17741488	0.06681477	1490.966418504715
49	44.505684	47.266148	79.13804	-48.93221	-0.90777653	0.0031780414	-0.9045111	-0.91234577	724.0	999.0	195999	0.13892993	0.38755384	20.444567	-0.67309403	-0.19177265	0.1282151	1519.6341037750244
50	15.765508	63.49138	85.47753	-48.248573	14.910733	37.99749	92.148415	-4.0954995	707.0	920.2	199999	0.367478	1.1873641	44.955265	-1.0418582	-0.43827355	0.19088806	1548.1119861602783
51	78.07267	10.449203	88.37117	52.528584	57.40624	51.584927	92.65414	-21.389559	413.5	415.7	203999	1.3461168	3.232933	96.24743	-2.0704684	-1.498482	0.17572549	1584.186992406845
52	89.06277	3.5241501	93.63518	76.786995	93.903625	0.22210349	94.14696	93.5348	182.26086	80.3	207999	5.1628118	7.5826964	137.59207	-2.6317701	-5.5552316	0.3235021	1609.6042330265045
53	89.40054	2.1358175	91.297356	81.08103	92.63393	1.1909922	93.48561	90.59001	164.79167	111.2	211999	13.052943	12.450307	139.3734	-1.2113819	-13.6814375	0.84058726	1636.0864803791046
54	90.43303	1.4300301	94.41439	87.6855	93.48252	0.06215355	93.57016	93.407585	144.07143	66.1	215999	24.022324	17.17577	130.3001	2.2959719	-24.895382	1.9706182	1663.0057952404022
55	91.25723	1.7168022	94.64049	89.21441	93.14233	0.21015069	93.38514	92.76295	129.35484	69.5	219999	35.689644	17.005669	110.83319	11.154456	-36.643627	2.8775957	1690.8638372421265
56	91.5817	3.8051066	94.65258	74.95554	92.81285	0.045760922	92.888916	92.731186	124.96774	72.3	223999	46.60019	14.010412	112.784706	21.940971	-47.571915	3.208919	1716.921558856964
57	90.98202	2.4677138	94.67587	84.650444	93.15264	0.038420964	93.1985	93.10535	134.33333	69.0	227999	51.654247	11.153566	109.979515	31.879131	-52.28221	3.162832	1744.185051202774
58	91.32894	2.1506112	94.852394	86.9121	92.17313	1.6801134	93.306656	89.12676	128.51613	79.2	231999	53.018612	10.526237	111.45767	37.292492	-53.64858	3.064221	1775.535012960434
59	91.30752	2.1354644	94.52173	86.54587	93.04173	0.033470094	93.09412	93.00564	127.375	70.0	235999	53.171017	10.0126705	112.67164	38.59299	-53.680244	2.9457695	1805.4300606250763
60	91.0605	1.8345643	94.28952	88.70714	92.81105	0.95077163	93.19629	89.96234	131.8	72.4	239999	51.95629	10.653061	113.68655	38.305485	-52.447044	2.9622457	1839.280003786087
61	91.076324	1.5586312	94.50059	88.98983	93.08613	0.030594936	93.12701	93.018486	131.76666	69.8	243999	51.604034	11.68189	114.36812	38.458168	-52.142742	2.8705966	1881.7109062671661
62	91.62145	2.1741312	94.89012	88.03102	93.20025	0.041927136	93.24877	93.14053	125.181816	68.4	247999	52.69606	11.780815	115.00975	38.385418	-53.308296	2.8439658	1909.8412964344025
63	91.068405	1.5593656	94.42197	89.05646	93.19671	0.06658191	93.29873	93.112236	132.1	68.4	251999	53.71327	11.579209	115.94105	39.46037	-54.272297	2.991872	1940.918939590454
64	91.34703	1.7169406	94.49366	88.02055	93.20823	0.07112004	93.300735	93.102325	127.741936	68.3	255999	53.802883	11.836453	115.45928	38.159542	-54.355446	3.0794122	1972.8277349472046
65	91.96256	1.888968	94.60775	89.096245	92.83655	0.040120933	92.89718	92.76151	119.242424	72.2	259999	53.843918	12.261199	115.78719	37.69182	-54.354927	2.8962336	2004.0038537979126
66	91.60023	1.9554605	94.714966	87.00964	92.77516	0.08378375	92.89862	92.63452	124.42424	72.8	263999	53.65025	12.685806	117.964325	38.02358	-54.186455	2.8715863	2030.890329360962
67	91.39384	1.9595678	94.86623	88.66583	93.19884	0.06940534	93.26898	93.001076	128.80646	68.3	267999	54.537758	12.750114	119.39325	38.786358	-55.094337	2.7975967	2057.4148700237274
68	91.25314	1.6982498	94.43631	88.4265	92.97865	0.07391662	93.052536	92.83297	129.51613	70.5	271999	54.17477	13.272977	118.26263	38.26783	-54.648777	2.7249248	2084.0657997131348
69	91.17534	1.8187075	94.96193	88.69661	93.07316	0.0853079	93.19213	92.90677	128.83871	69.7	275999	54.362976	13.676937	116.83997	37.954266	-54.922325	2.602017	2110.2766859531403
70	91.195274	1.9787396	94.81551	87.284546	92.829414	0.18065128	93.06046	92.404976	131.0	72.1	279999	55.617912	13.539211	115.84745	38.308422	-56.179386	3.0437255	2136.1454107761383
71	91.1167	1.7258409	94.58266	88.918755	91.95624	1.5449682	93.11914	89.55026	130.09677	81.4	283999	55.828854	13.385279	113.70779	39.515743	-56.351364	2.644057	2162.9506747722626
72	91.3658	2.0871153	95.10307	88.3295	93.137146	0.17072609	93.3661	92.87056	126.4375	69.3	287999	55.977203	13.464052	112.201996	39.79984	-56.49103	2.6520615	2189.5710105895996
73	91.40749	1.7410764	94.47969	88.60139	93.158615	0.21075149	93.43579	92.80171	126.935486	69.0	291999	56.11039	13.49184	113.05901	39.386425	-56.62948	2.6696262	2215.5624499320984
74	91.10214	1.6600767	94.53869	88.460815	92.96166	1.1240536	93.39877	89.593254	131.96774	71.0	295999	56.18188	13.4614315	112.59035	39.845993	-56.691174	2.7430913	2241.3658258914948
75	90.986084	2.131927	94.342896	83.906204	93.236084	0.0794135	93.32971	93.11331	132.66667	67.8	299999	56.096523	13.549384	112.77334	40.284214	-56.5939	2.885233	2267.152860879898
76	91.364296	1.797127	94.77046	88.821106	93.30557	0.08671569	93.38962	93.10714	129.54839	67.6	303999	56.05446	13.897473	115.55538	40.24722	-56.552532	2.9809096	2293.3491859436035
77	91.554306	1.8389548	94.893715	88.98676	93.14778	0.16676645	93.34804	92.83635	125.51613	69.2	307999	56.05372	14.26611	114.340164	39.524776	-56.545773	2.828926	2319.1688253879547
78	91.49297	1.9155141	94.59885	88.93906	93.23696	0.13811605	93.40058	93.02783	124.757576	68.2	311999	56.100887	14.518195	114.886284	39.80928	-56.60357	2.63191	2345.2073469161987
79	91.68059	2.025073	94.88074	87.490295	93.12385	0.22327994	93.30019	92.51768	124.90625	69.3	315999	56.525333	14.665186	114.59152	39.44376	-57.035538	2.652382	2371.371729850769
80	90.96376	1.2424204	94.48489	89.16336	92.79705	0.9510105	93.343925	90.00654	135.31035	72.8	319999	56.79866	14.707786	114.37762	39.22744	-57.309097	2.803603	2397.379604101181
81	91.08989	1.5235995	94.28298	89.199776	92.81425	0.32537985	93.28661	92.220055	132.3	72.4	323999	57.09659	14.510218	113.12523	39.874275	-57.58914	2.5550704	2423.402509689331
82	91.21133	1.8622073	94.816734	88.59325	92.72656	0.9701011	93.32389	89.88345	131.03226	73.4	327999	57.114887	14.42255	113.55979	39.79171	-57.600567	2.3519557	2449.565660715103
83	91.78229	1.780185	94.81083	88.533516	93.00002	0.27628788	93.38672	92.61248	121.21212	70.6	331999	56.99617	14.347375	112.80824	39.60161	-57.468636	2.5059469	2476.091985464096
84	91.35856	1.6457688	94.817276	88.61141	93.17867	0.16344339	93.38573	92.91217	128.48387	68.6	335999	56.846073	14.389062	113.148705	39.81941	-57.319225	2.2964478	2502.114679813385
85	91.324524	1.6436121	94.43013	89.06566	93.305885	0.09903722	93.42597	93.11417	127.29032	67.3	339999	57.00131	14.411439	113.19142	39.76365	-57.478252	2.4646335	2527.7631034851074
86	90.700775	1.5730219	94.386116	87.28645	93.24929	0.04827765	93.33468	93.202	136.83333	67.9	343999	56.90859	14.529335	112.32077	39.213234	-57.374092	2.3679314	2553.867946624756
87	90.715836	1.4762713	94.163315	87.73272	93.28024	0.042283714	93.349594	93.21417	137.58621	67.5	347999	57.023075	14.53958	113.54787	38.929234	-57.500843	2.1518977	2580.185526609421
88	90.89871	1.6379707	94.59852	88.81202	93.29118	0.045867883	93.32624	93.16781	135.86208	67.5	351999	57.08025	14.526561	113.115456	39.364357	-57.54172	2.204681	2606.3583731651306
89	91.084465	1.984812	94.60042	87.28257	93.241356	0.02466345	93.28642	93.21298	132.7	68.0	355999	56.94203	14.598492	112.61901	39.026867	-57.4001	2.3335855	2632.5608212947845
90	90.80068	2.0466566	94.57835	87.51616	93.28511	0.0813217	93.36685	93.17326	137.72414	67.8	359999	56.86132	14.711196	112.181305	38.458504	-57.31952	2.1878028	2658.8820893764496
91	91.91647	2.2351394	95.07339	87.9212	93.10631	0.025493927	93.12956	93.03672	120.088234	69.2	363999	56.89881	14.864258	112.437485	37.78178	-57.363567	2.0163336	2684.826475381851
92	91.09682	2.1243246	94.66345	86.82782	93.154335	0.033097316	93.199615	93.100494	132.06667	69.0	367999	57.077957	14.902837	112.51132	37.706497	-57.54847	2.3475327	2711.9001410007477
93	91.491066	2.342839	94.51487	86.56228	93.03676	0.035932258	93.09301	93.00321	126.875	70.0	371999	57.521324	14.824493	112.806435	37.24906	-58.01785	2.167446	2738.1594953536987
94	91.033356	1.7763548	94.53354	88.38654	93.184494	0.06916485	93.28701	93.101845	134.03448	68.5	375999	58.236256	14.427613	111.32381	38.9472	-58.740993	2.1900213	2765.9220390319824
95	91.13157	1.4598637	93.98015	89.37895	93.22002	0.028427728	93.26879	93.16783	131.32259	68.2	379999	58.72021	14.186787	111.55793	39.310726	-59.209694	2.3123734	2793.060370206833
96	91.61304	1.8649825	94.714836	88.766426	93.29398	0.048003923	93.38814	93.20535	125.65625	67.2	383999	58.809048	14.091408	112.2196	40.10115	-59.29318	1.9425447	2819.246891975403
97	91.35667	1.9841372	94.89366	88.2835	93.21823	0.04481325	93.29989	93.11522	128.58064	68.1	387999	59.077724	14.10341	112.17598	40.432705	-59.562126	2.1631436	2845.734241962433
98	90.91977	1.8593752	94.68415	88.052864	93.20286	0.013267269	93.22953	93.17413	136.96552	68.4	391999	58.97155	14.298332	111.615715	40.555756	-59.44173	1.988434	2871.5844950675964
99	91.1052	2.023454	94.777664	88.22978	93.008194	0.008225621	93.022095	93.000435	130.83333	70.0	395999	59.128433	14.46338	111.4887	40.76763	-59.612556	2.0599854	2897.466461420059
100	90.75882	1.9390128	94.96887	88.29721	92.91777	0.0761131	93.09806	92.80965	138.72414	71.1	399999	59.334892	14.488958	111.46483	41.473175	-59.809883	2.2745752	2926.7760622501373
101	91.42626	2.1059446	94.424805	85.762115	93.02692	0.040198863	93.07826	92.96398	130.35484	70.3	403999	59.449303	14.467624	109.06227	41.16587	-59.940487	2.0914233	2956.45450258255
102	91.37083	2.280239	94.429115	85.522964	93.09176	0.066920795	93.18464	92.98365	126.548386	69.4	407999	59.837162	14.212933	110.643036	40.853157	-60.331818	2.2839973	2985.7656815052032
103	90.73172	2.2525382	94.91842	87.99907	93.19624	0.09094863	93.294914	93.00136	135.16667	68.5	411999	60.040943	13.93294	109.820724	41.05239	-60.522163	1.9419185	3014.529679298401
104	90.645256	2.0181642	94.89245	87.96731	93.28276	0.054453243	93.38244	93.205284	139.51724	67.5	415999	60.052563	13.951829	108.56643	41.187954	-60.526344	1.8088989	3043.770886659622
105	90.934746	1.9228537	94.291245	87.33169	93.30767	0.039497696	93.3664	93.208305	133.4	67.1	419999	60.1212	14.05456	108.80552	41.48411	-60.59615	1.8720688	3073.4151380062103
106	90.58817	2.9622366	94.5984	78.98438	93.3456	0.0559555	93.39973	93.202866	139.53572	67.1	423999	60.192333	13.899165	109.97981	41.532043	-60.67114	1.7978611	3102.6100969314575
107	91.03036	1.7471657	94.68055	88.144646	93.31576	0.03358414	93.41567	93.30053	133.8	66.9	427999	60.159985	13.8490305	111.24701	41.69048	-60.626537	2.1441453	3132.0741760730743
108	90.80396	1.5180752	94.604675	87.77957	93.41127	0.061199892	93.49599	93.30228	137.23334	66.3	431999	59.900414	14.157291	111.05501	40.7935	-60.35221	1.7582083	3161.098764181137
109	90.86122	1.516282	94.39872	86.77946	93.369736	0.06555277	93.49529	93.30131	137.10345	66.6	435999	59.73708	14.394089	110.82302	40.045467	-60.190765	1.9711027	3190.0628435611725
110	91.01393	1.7916976	94.25731	88.14274	93.263596	0.09793432	93.381004	93.01618	132.7	67.9	439999	59.687275	14.476466	111.14618	39.864853	-60.14417	1.971683	3219.2708978652954
111	90.79015	1.8046594	94.5696	88.15429	93.384865	0.042080715	93.42157	93.30122	134.73334	66.3	443999	59.798706	14.418528	110.73777	39.662582	-60.26161	1.7650065	3249.8991553783417
112	91.27768	1.704051	94.666756	87.51783	93.365074	0.048734494	93.435814	93.30197	131.33333	66.7	447999	59.94875	14.468897	110.05139	39.686344	-60.408802	1.7476288	3279.293752670288
113	90.75128	1.6399451	94.18297	88.55912	93.367195	0.046513516	93.42846	93.300735	136.10345	66.5	451999	60.04857	14.508903	109.440254	39.64558	-60.512547	1.9430169	3308.3880701065063
114	90.9735	1.774563	94.210686	88.42977	93.37354	0.04561384	93.41158	93.3005	133.23334	66.3	455999	60.217705	14.547083	108.91143	39.88364	-60.68331	1.6706342	3337.415750026703
115	90.66965	1.6052775	94.67367	87.92592	93.361465	0.06028672	93.40071	93.20768	137.82759	66.6	459999	60.346027	14.353215	108.03475	39.309807	-60.80478	1.6897861	3366.5600821971893
116	90.43621	1.7745845	94.56783	86.51504	93.37734	0.045074742	93.45202	93.30152	141.7931	66.4	463999	60.3762	14.381544	107.52639	39.7532	-60.827984	1.6311895	3395.687805891037
117	90.41241	1.8915898	94.585144	87.030014	93.39496	0.012280455	93.40331	93.36747	139.07143	66.2	467999	60.355186	14.46422	106.88599	38.82375	-60.813023	1.5797459	3424.7154994010925
118	90.16616	0.82832456	92.79155	88.49647	93.375465	0.04285794	93.432465	93.30574	143.25	66.4	471999	60.494076	14.394441	106.667694	38.68465	-60.951096	1.6044363	3453.876412630081
119	90.735054	1.5497992	94.85903	89.206314	93.42319	0.055309914	93.49966	93.30015	137.31035	66.2	475999	60.57423	14.344742	105.71798	39.272366	-61.02832	1.5818402	3482.670624732971
120	90.82331	1.8147866	94.57734	85.82821	93.35342	0.06109264	93.40001	93.22398	135.96666	66.5	479999	60.59348	14.304747	106.19008	38.720436	-61.04486	1.6179583	3511.7849011421204
121	91.285385	1.6282922	94.9019	89.56071	93.408714	0.057622477	93.51046	93.30042	129.45161	66.1	483999	60.60422	14.288	106.9461	39.675663	-61.05685	1.6480516	3541.193303346634
122	90.21537	1.6249799	94.2633	87.32646	93.395355	0.062530935	93.50004	93.312645	144.77777	66.2	487999	60.65925	14.205211	108.08259	39.843353	-61.116673	1.7563292	3570.4541511535645
123	90.640816	1.5496024	94.63233	87.44376	93.41239	0.06727289	93.50001	93.302605	137.6	66.0	491999	60.58967	14.147737	108.505905	40.04549	-61.037834	1.9392732	3599.7846055030823
124	90.49392	1.2658371	94.797134	88.63108	93.00455	0.30304986	93.31945	92.40074	141.14285	70.4	495999	60.50512	14.373862	108.82971	40.284218	-60.949608	1.6196494	3629.0597202777863
125	91.309	1.8266883	94.74822	88.269035	93.137695	0.17938605	93.39316	92.85152	127.80645	69.3	499999	60.69534	14.554502	107.54507	39.11909	-61.162975	1.7771994	3660.8051464557648
126	90.97865	1.9009402	94.78568	86.10388	92.78564	0.40036875	93.3976	92.18286	133.36667	73.0	503999	61.05252	14.200192	108.44236	38.991833	-61.520298	1.5706546	3690.099677324295
127	91.18925	1.9786519	94.542465	87.51052	93.03879	0.28526354	93.452	92.66225	130.0	70.6	507999	61.295532	14.184786	109.25726	39.98869	-61.75648	1.8708804	3719.1939554214478
128	90.74431	1.4287165	94.555725	88.19673	91.99388	0.41704983	92.60233	91.366776	139.2069	80.8	511999	61.336716	14.386049	109.50663	40.731606	-61.79854	1.7658713	3748.371669769287
129	91.01597	2.0239108	94.83959	88.11362	93.21744	0.26247415	93.500275	92.80505	132.93333	68.5	515999	61.513847	14.303954	109.18213	41.931087	-61.97239	1.777393	3777.999002456665
130	90.458885	1.9933136	94.72161	81.7896	93.3595	0.08883696	93.49642	93.1895	143.17857	66.8	519999	61.560017	14.2972145	106.79766	40.878254	-62.015095	1.7910235	3807.2135574817657
131	91.10059	1.2776983	94.37656	88.57378	93.12539	0.3786121	93.49991	92.49122	133.23334	69.6	523999	61.362183	14.260363	105.1581	40.04856	-61.805088	1.550797	3836.641747236252
132	90.92836	1.754889	94.48053	87.616135	93.3903	0.05077565	93.462006	93.30307	134.06667	66.3	527999	61.297905	14.179122	105.33535	39.597916	-61.747406	1.6309702	3865.969969034195
133	90.58424	0.91753083	93.74247	88.61815	93.44575	0.06824129	93.54748	93.30099	139.10715	65.7	531999	61.2643	14.06345	106.520164	40.084282	-61.70965	1.628623	3895.545013189316
134	90.75085	1.3795104	94.52229	87.260315	93.38682	0.07645516	93.50666	93.302574	135.2	66.2	535999	61.21822	14.1233015	107.09329	41.774574	-61.65974	1.5853285	3922.1040477752686
135	90.6494	1.4963082	94.16943	87.85343	93.398254	0.09197553	93.56286	93.300995	136.72414	66.1	539999	61.077587	14.186036	106.48418	41.408268	-61.515236	1.5845319	3948.881158351898
136	90.698814	1.119469	94.408844	88.28426	93.44167	0.08940412	93.57387	93.31031	139.58621	65.8	543999	61.04058	14.339598	106.37339	41.111843	-61.478863	1.6783988	3975.8928158283234
137	90.09118	1.1413943	93.7809	87.63177	93.46553	0.09594137	93.58564	93.30704	146.18518	65.7	547999	61.091503	14.279506	105.30116	41.0164	-61.54545	1.5311885	4002.686607837677
138	90.6267	1.1718024	94.22635	88.48686	93.34224	0.0742722	93.53236	93.30043	138.27586	66.7	551999	61.373352	14.09632	104.66466	41.44151	-61.829525	1.5109254	4029.3613152503967
139	90.50704	1.6586989	94.365685	84.34492	93.376854	0.06876737	93.509796	93.30289	141.67857	66.6	555999	61.491028	13.926294	105.09253	41.60975	-61.945915	1.5703853	4056.2715878486633
140	90.55045	1.0648816	94.06236	88.43395	93.40111	0.054626916	93.51666	93.3102	137.75862	66.4	559999	61.545902	13.917086	106.29739	41.82229	-61.99768	1.5778313	4083.2152647972107
141	90.37705	1.4624476	93.63334	84.18387	93.404945	0.10880671	93.585594	93.21333	142.53572	66.4	563999	61.646145	13.973468	106.70393	41.787952	-62.09483	1.559241	4110.44056892395
142	90.39948	1.7257456	94.26699	83.00508	93.42475	0.049529392	93.49401	93.309875	142.0	66.2	567999	61.60765	13.984489	106.93218	41.319103	-62.053173	1.3968701	4136.735307693481
143	90.28451	1.3330073	93.548416	85.510376	93.43301	0.076912254	93.533585	93.300995	143.03572	66.0	571999	61.587048	14.048944	107.0487	41.11772	-62.027145	1.5684036	4163.797386884689
144	90.63898	1.2745947	94.574234	87.12664	93.31286	0.12501189	93.51239	93.10497	139.42857	67.0	575999	61.495316	14.058572	106.88322	40.65784	-61.9375	1.4414687	4190.605898618698
145	90.73436	2.3114207	94.36923	80.24631	93.385506	0.12626539	93.59982	93.20315	138.48276	66.6	579999	61.55478	14.1614275	107.202614	40.047245	-61.99132	1.5296878	4217.783036470413
146	90.559555	0.7199082	91.40625	87.73248	93.40723	0.07819093	93.52417	93.281265	138.44827	66.3	583999	61.574566	14.23139	106.54468	41.176445	-62.01657	1.2296897	4244.3479425907135
147	90.80898	0.6772898	93.62119	90.00116	93.39327	0.13349946	93.59837	93.21983	135.76666	66.4	587999	61.681522	14.183224	106.88539	40.66313	-62.121773	1.5938743	4273.520627498627
148	90.929695	0.4524069	91.80693	90.20112	93.37599	0.09021296	93.501205	93.201225	135.41379	66.7	591999	61.7444	14.2018	106.98102	40.76877	-62.188866	1.5568494	4303.233010053635
149	91.06898	1.0106449	94.05189	89.739525	93.356125	0.06004521	93.49912	93.30187	133.36667	66.8	595999	61.669697	14.213765	107.91827	40.861416	-62.1008	1.6480739	4332.526401281357
150	90.86546	1.2588563	94.46158	88.57767	93.34337	0.042197797	93.396805	93.28109	134.96666	67.2	599999	61.53604	14.400162	107.37054	40.953655	-61.969624	1.4379665	4361.3073835372925
